20 42 13 1 23
4 1 1 7
19 1 1 3
15 17 1 7
6 10 1 3
17 5 1 14
7 8 1 16
9 12 1 7
9 4 1 19
14 15 1 4
19 8 1 19
9 5 1 12
15 16 1 13
9 11 1 2
7 18 0 5
1 7 0 10
14 7 0 10
1 16 0 2
8 6 0 7
18 0 0 14
2 19 0 14
12 0 0 19
4 7 0 15
16 8 0 7
18 15 0 17
2 16 0 16
3 2 0 4
12 16 0 20
5 4 0 18
3 14 0 10
15 16 0 1
2 1 0 1
12 5 0 8
19 13 0 16
17 3 0 3
5 17 0 11
-1 0 0 14
3 12 0 10
15 18 0 6
4 1 0 20
14 10 0 9
14 12 0 10
15 16 0 15






24 26 11 14 20
12 9 0 1
7 14 0 2
16 9 0 6
13 8 0 4
22 17 0 18
1 3 0 20
13 17 0 4
14 16 0 20
20 19 0 16
8 9 0 8
15 13 0 18
19 20 0 16
3 4 0 1
22 17 0 2
13 7 0 7
14 9 0 6
13 14 0 19
12 5 0 12
8 1 0 19
19 1 0 16
10 8 0 9
11 4 0 10
18 8 0 18
3 22 0 8
20 12 0 3
22 2 0 16






31 249 12 3 24
6 18 1 13
20 23 1 11
19 4 1 11
17 12 1 7
23 11 1 12
30 10 1 18
12 23 1 14
21 14 1 5
6 1 1 5
18 4 1 1
8 9 1 18
15 27 1 17
7 14 1 3
10 0 1 9
18 21 1 13
30 20 1 16
15 0 1 19
30 19 1 20
23 25 1 12
15 11 1 17
19 20 1 7
11 4 1 8
24 11 1 10
9 20 1 10
4 5 1 17
14 4 1 20
0 17 1 7
11 16 1 20
1 6 1 15
25 21 1 17
19 9 1 5
21 18 1 13
18 11 1 17
29 19 1 5
7 22 1 19
5 6 1 2
22 6 1 12
6 16 1 13
10 17 1 11
6 10 1 8
13 29 1 18
9 17 1 10
6 5 1 7
17 1 1 5
14 9 1 12
17 13 1 11
21 2 1 5
10 9 1 9
16 17 1 10
28 23 1 10
28 5 1 6
7 12 1 4
4 19 1 16
10 3 1 19
3 15 1 13
18 30 1 14
6 19 1 3
28 29 1 5
5 12 1 12
27 7 1 10
28 5 1 15
25 12 1 3
8 14 1 7
24 22 1 15
12 23 1 20
7 10 1 3
11 14 1 15
20 11 1 7
5 14 1 10
7 10 1 8
1 5 1 19
29 30 1 1
4 5 1 3
28 29 1 3
23 8 0 19
0 13 0 4
5 25 0 6
30 14 0 8
20 18 0 11
20 25 0 12
28 27 0 4
10 23 0 12
2 27 0 7
6 23 0 10
2 15 0 5
21 13 0 18
17 18 0 1
26 17 0 8
15 4 0 16
14 23 0 4
25 20 0 4
8 0 0 10
19 0 0 6
7 5 0 17
20 7 0 10
12 28 0 4
16 12 0 5
16 8 0 17
27 21 0 4
24 5 0 13
14 28 0 7
0 4 0 7
6 23 0 13
8 28 0 8
0 17 0 6
7 30 0 17
25 13 0 5
29 30 0 18
20 24 0 11
13 15 0 7
28 30 0 1
2 28 0 3
3 1 0 8
5 9 0 12
11 9 0 14
25 14 0 12
0 8 0 3
21 6 0 18
17 26 0 17
2 8 0 3
22 6 0 4
9 6 0 3
29 8 0 8
11 13 0 6
21 24 0 15
15 16 0 14
9 17 0 8
14 5 0 11
18 21 0 11
13 23 0 18
21 12 0 10
29 22 0 13
1 18 0 12
3 29 0 20
16 17 0 16
6 2 0 7
9 11 0 8
18 23 0 3
5 10 0 14
16 21 0 19
2 11 0 17
24 7 0 19
21 8 0 7
24 10 0 2
11 27 0 1
18 0 0 3
11 9 0 7
19 28 0 7
-1 0 0 20
30 14 0 14
22 16 0 4
24 7 0 20
17 28 0 18
26 21 0 4
3 30 0 15
27 16 0 7
21 27 0 15
25 14 0 16
18 12 0 16
24 11 0 1
17 0 0 13
21 22 0 20
4 6 0 8
21 2 0 6
19 3 0 15
11 28 0 5
4 17 0 6
5 9 0 2
0 27 0 3
25 20 0 7
3 5 0 11
24 25 0 5
24 27 0 13
20 17 0 7
4 5 0 16
16 17 0 15
15 19 0 4
8 22 0 1
12 23 0 13
0 17 0 10
26 18 0 19
19 11 0 11
3 4 0 16
27 22 0 13
18 24 0 15
10 11 0 14
2 24 0 12
9 30 0 18
26 12 0 13
6 10 0 12
6 3 0 8
10 22 0 12
6 25 0 8
0 21 0 11
10 6 0 18
26 16 0 16
25 18 0 9
13 25 0 1
24 18 0 19
22 24 0 13
7 29 0 13
8 6 0 2
20 12 0 11
3 10 0 5
6 21 0 10
4 16 0 2
12 10 0 7
9 24 0 17
7 15 0 3
16 6 0 11
1 11 0 9
21 19 0 4
1 6 0 10
4 7 0 10
28 13 0 1
23 16 0 13
6 26 0 16
2 4 0 8
26 9 0 19
5 25 0 1
6 25 0 7
5 15 0 14
8 14 0 3
23 18 0 3
15 13 0 14
29 5 0 12
25 9 0 17
30 10 0 13
28 3 0 4
5 6 0 10
22 12 0 2
16 15 0 17
29 23 0 4
16 13 0 17
11 27 0 20
15 23 0 10
6 17 0 6
21 15 0 13
7 10 0 15
4 17 0 20
23 6 0 16
5 22 0 5
0 20 0 20
11 4 0 20
5 15 0 17
12 28 0 12
23 3 0 9
10 22 0 16
7 27 0 8






39 120 7 24 11
33 13 1 5
34 3 1 9
0 16 1 14
36 30 1 14
26 4 1 2
33 1 1 1
1 14 1 7
22 7 1 12
34 4 1 12
2 17 1 7
30 11 1 18
28 34 1 14
25 35 1 10
31 21 1 13
38 37 1 10
37 31 1 4
10 32 1 2
34 5 1 6
5 0 1 1
18 31 1 6
35 22 1 10
26 1 1 7
10 15 1 18
10 35 1 2
1 34 1 10
24 22 1 1
38 21 1 17
28 16 1 12
25 10 1 5
4 28 1 10
11 24 1 9
8 1 1 5
1 0 1 19
17 10 1 12
5 11 1 3
30 24 1 20
37 24 1 8
26 2 1 13
9 16 1 8
31 20 0 6
7 31 0 11
22 1 0 15
27 30 0 20
7 8 0 19
13 14 0 12
14 33 0 8
26 20 0 15
20 35 0 14
31 5 0 18
2 37 0 19
1 33 0 15
14 16 0 14
17 32 0 3
31 1 0 19
33 14 0 8
7 18 0 19
34 5 0 19
6 26 0 18
9 7 0 17
16 9 0 18
16 38 0 14
36 3 0 5
35 20 0 15
36 2 0 14
34 35 0 14
36 32 0 16
32 27 0 11
37 22 0 11
0 20 0 16
8 37 0 17
13 14 0 20
2 0 0 14
6 24 0 17
32 21 0 17
8 5 0 16
38 2 0 12
8 23 0 5
12 22 0 1
2 22 0 7
28 30 0 15
23 33 0 8
7 35 0 20
33 30 0 4
30 23 0 14
17 32 0 8
1 20 0 7
17 18 0 11
10 30 0 16
26 21 0 15
23 10 0 11
7 34 0 3
5 30 0 8
31 14 0 19
31 33 0 13
13 11 0 5
0 2 0 8
18 19 0 8
21 19 0 8
34 6 0 18
31 18 0 3
37 25 0 2
8 30 0 14
32 11 0 1
8 3 0 11
35 5 0 1
17 5 0 17
8 13 0 10
17 34 0 17
6 29 0 18
16 11 0 19
37 9 0 18
31 6 0 10
17 38 0 14
16 35 0 17
38 32 0 20
4 38 0 3
0 35 0 11
4 13 0 15
28 19 0 14
34 35 0 3






23 126 15 22 19
17 12 1 17
14 19 1 7
0 18 1 13
6 14 1 20
2 19 0 19
18 2 0 9
19 5 0 17
11 14 0 8
5 6 0 1
15 5 0 5
7 16 0 12
22 8 0 16
17 8 0 7
17 8 0 17
14 11 0 2
21 0 0 16
10 14 0 6
4 2 0 7
3 1 0 1
10 16 0 18
9 0 0 14
21 0 0 16
16 11 0 12
13 6 0 2
11 14 0 19
12 13 0 1
9 17 0 19
11 16 0 2
22 19 0 17
15 6 0 14
8 10 0 14
1 2 0 8
17 18 0 10
15 2 0 5
20 14 0 4
13 20 0 4
0 6 0 13
2 11 0 12
22 4 0 20
4 20 0 14
14 5 0 1
7 0 0 13
11 13 0 17
3 5 0 9
19 2 0 16
3 9 0 12
17 9 0 4
19 11 0 5
15 11 0 7
6 9 0 1
4 0 0 12
6 1 0 11
10 6 0 20
9 10 0 3
12 6 0 5
5 9 0 12
12 20 0 8
2 16 0 9
20 8 0 11
20 15 0 10
17 13 0 1
13 14 0 7
11 1 0 17
21 11 0 3
7 0 0 10
18 22 0 9
9 11 0 19
9 13 0 8
15 5 0 5
9 2 0 4
1 20 0 14
10 11 0 4
20 16 0 18
8 14 0 11
6 21 0 5
4 10 0 1
5 19 0 16
3 5 0 19
12 21 0 8
6 1 0 1
15 2 0 9
2 6 0 4
10 4 0 16
13 12 0 16
4 13 0 6
19 11 0 10
5 11 0 3
2 14 0 8
0 3 0 10
10 3 0 7
16 12 0 11
13 15 0 4
21 19 0 3
16 9 0 4
19 13 0 10
20 4 0 14
2 9 0 11
3 5 0 19
3 5 0 11
2 9 0 9
19 2 0 6
15 9 0 6
12 1 0 5
13 17 0 12
21 7 0 17
12 21 0 17
15 0 0 12
6 20 0 17
6 18 0 15
3 14 0 20
3 10 0 18
16 19 0 15
15 3 0 8
10 16 0 2
7 8 0 6
20 15 0 11
0 7 0 12
13 8 0 17
1 8 0 11
18 5 0 19
16 2 0 11
10 13 0 18
13 22 0 2
18 10 0 5
17 18 0 16
19 9 0 11






23 52 4 6 25
21 1 1 1
18 14 1 7
7 1 1 14
5 11 1 14
11 1 1 16
3 20 1 17
6 9 1 16
17 22 1 4
20 11 1 15
17 18 1 4
2 10 1 8
16 5 1 20
1 12 1 4
11 12 1 17
11 0 1 17
3 4 1 20
8 4 1 3
1 21 0 7
3 12 0 15
10 7 0 17
16 9 0 2
12 20 0 12
5 21 0 7
16 9 0 8
15 14 0 20
16 12 0 9
7 14 0 19
8 15 0 17
1 13 0 1
12 17 0 10
12 4 0 17
22 17 0 20
15 16 0 1
8 10 0 17
13 2 0 1
12 18 0 9
10 20 0 8
11 22 0 7
11 0 0 8
16 13 0 18
6 19 0 8
0 19 0 10
13 5 0 11
19 13 0 5
4 20 0 12
4 9 0 18
10 13 0 13
13 2 0 12
20 7 0 13
11 0 0 7
13 1 0 6
20 18 0 2






24 58 10 12 15
4 23 1 17
16 3 1 4
13 15 1 6
17 14 1 12
0 20 1 11
0 8 1 15
23 18 1 14
12 11 1 4
16 17 1 9
19 6 1 16
1 10 1 15
9 18 1 18
16 23 1 13
1 16 1 20
12 8 1 16
22 1 1 8
21 0 1 18
14 4 1 1
10 21 1 3
6 8 1 1
0 1 1 19
20 10 0 6
17 18 0 13
14 20 0 18
1 0 0 2
0 23 0 7
23 12 0 11
17 18 0 15
13 4 0 16
3 2 0 20
15 20 0 13
6 16 0 3
7 9 0 2
15 23 0 18
0 16 0 2
18 8 0 9
12 8 0 1
23 1 0 4
13 14 0 12
17 10 0 3
20 17 0 15
1 15 0 15
15 22 0 16
16 6 0 8
5 6 0 8
3 16 0 1
7 5 0 5
8 20 0 10
3 1 0 16
18 10 0 6
4 7 0 4
10 8 0 15
8 15 0 10
7 8 0 8
23 13 0 10
6 8 0 7
14 16 0 16
14 16 0 8






23 192 9 3 13
10 2 1 11
22 7 1 3
1 19 1 6
19 15 1 6
16 5 1 8
1 0 1 8
8 3 1 12
15 18 1 16
6 3 1 19
16 0 1 5
11 4 1 7
6 4 1 11
2 22 1 20
17 18 1 13
19 5 1 17
5 6 1 12
19 15 1 17
19 1 1 8
6 8 1 15
7 18 1 1
9 6 1 8
1 6 1 14
0 2 1 18
13 20 1 9
17 10 1 14
21 15 1 14
2 12 1 12
3 8 1 19
22 8 1 17
16 15 1 3
3 18 1 20
18 19 1 14
8 14 1 3
20 21 1 4
21 15 1 16
4 7 1 16
17 9 1 9
15 6 1 2
15 6 1 19
17 16 1 9
14 13 1 10
11 9 1 18
14 11 1 5
19 9 1 10
16 1 1 6
0 6 1 4
22 0 1 1
5 9 1 19
18 2 1 11
17 19 1 7
3 5 1 16
7 10 1 16
7 2 1 12
16 15 1 2
22 2 1 6
15 19 1 8
16 13 1 14
20 18 1 15
7 13 1 2
18 2 1 11
15 22 1 3
3 6 1 1
0 7 1 19
3 17 1 7
8 11 1 3
9 3 1 12
16 13 1 20
0 4 1 8
11 6 1 5
0 1 1 2
3 10 1 7
5 14 1 13
1 14 1 6
9 11 1 1
10 14 1 9
14 0 1 7
8 17 1 17
15 11 1 1
17 22 1 8
3 17 1 1
9 14 1 6
7 20 1 11
12 15 1 3
1 18 1 12
1 6 1 9
13 20 1 3
21 22 1 20
21 14 1 13
1 2 1 2
6 22 1 7
11 2 1 18
21 10 1 6
4 16 1 7
13 17 0 8
11 12 0 6
16 2 0 16
16 1 0 1
4 17 0 8
10 13 0 20
3 20 0 17
7 2 0 6
2 0 0 8
12 22 0 12
7 12 0 7
4 17 0 1
1 5 0 12
12 21 0 16
22 3 0 11
17 7 0 9
8 4 0 16
22 5 0 16
15 7 0 12
12 13 0 17
2 21 0 13
3 19 0 17
16 15 0 4
3 21 0 20
9 15 0 5
2 9 0 11
15 12 0 15
19 11 0 11
2 3 0 9
4 15 0 5
10 17 0 15
22 14 0 2
6 7 0 18
12 5 0 14
17 8 0 7
12 10 0 16
15 20 0 15
21 10 0 17
4 7 0 19
10 11 0 12
8 15 0 15
21 15 0 6
7 15 0 5
2 22 0 8
18 10 0 6
21 22 0 14
16 14 0 7
17 7 0 16
0 5 0 14
15 16 0 14
16 18 0 2
5 16 0 1
2 17 0 11
6 13 0 4
16 3 0 3
4 1 0 9
3 11 0 7
16 22 0 1
17 22 0 5
19 14 0 19
9 1 0 16
15 0 0 13
7 2 0 1
9 2 0 11
9 18 0 14
20 0 0 8
1 20 0 12
19 8 0 16
16 2 0 8
17 15 0 18
12 1 0 17
19 11 0 19
19 18 0 9
8 4 0 4
11 8 0 10
10 5 0 18
11 6 0 1
22 19 0 4
10 6 0 3
13 1 0 7
2 7 0 13
14 3 0 19
21 16 0 1
0 2 0 4
22 7 0 5
0 11 0 2
11 22 0 19
20 22 0 3
14 3 0 13
4 16 0 7
9 12 0 7
10 4 0 4
21 19 0 15
22 13 0 11
22 13 0 3
6 7 0 4
13 18 0 15
19 10 0 18
22 18 0 9






29 69 20 15 13
14 21 1 20
26 0 1 17
28 3 1 2
25 14 1 11
25 8 1 5
6 26 1 14
23 10 1 17
9 18 1 5
11 19 1 5
2 26 1 11
10 3 1 18
17 1 1 18
18 21 1 7
10 18 1 15
2 14 1 16
15 12 1 11
28 27 1 11
11 7 1 9
9 10 1 18
25 5 1 4
28 7 1 19
2 25 1 13
27 6 1 12
18 8 1 19
15 11 1 8
21 26 1 9
15 17 0 14
28 20 0 6
14 0 0 15
19 25 0 6
14 24 0 5
4 19 0 4
24 9 0 19
7 19 0 2
1 26 0 13
9 10 0 12
21 26 0 20
3 17 0 5
14 3 0 4
27 14 0 8
16 20 0 1
12 16 0 11
5 11 0 16
17 11 0 2
8 4 0 19
3 5 0 20
23 26 0 6
3 22 0 11
23 28 0 12
7 26 0 18
17 5 0 3
14 17 0 7
22 14 0 12
23 2 0 11
22 3 0 2
2 27 0 4
1 21 0 18
18 16 0 4
24 3 0 12
16 10 0 4
23 27 0 17
14 4 0 7
13 18 0 3
23 12 0 9
8 26 0 8
17 0 0 8
11 22 0 5
15 12 0 13
12 28 0 6






27 282 25 7 12
1 9 1 1
10 1 1 8
16 25 1 12
14 24 1 20
6 2 1 16
5 16 1 7
21 18 1 9
12 8 1 17
0 25 1 18
14 21 1 14
14 22 1 7
13 21 1 11
3 0 1 2
6 14 1 1
23 20 1 7
9 25 1 7
21 19 1 10
22 21 1 19
26 10 1 5
6 24 1 11
26 11 1 17
16 14 1 18
24 6 1 19
3 12 1 5
6 24 1 19
12 22 1 6
22 16 1 4
13 0 1 7
11 15 1 20
24 22 1 17
19 10 1 8
10 26 1 12
11 12 1 1
12 15 1 6
16 11 1 18
13 12 1 2
25 7 1 14
3 9 1 4
6 10 1 18
20 23 1 7
3 15 1 12
13 14 1 12
1 14 1 16
21 26 1 19
15 4 1 12
7 18 1 2
21 16 1 7
2 8 1 10
22 15 1 16
20 8 1 2
1 0 1 10
3 4 1 18
22 21 1 1
25 16 1 11
6 4 1 10
25 0 1 18
2 21 1 4
3 13 1 10
13 8 1 12
22 17 1 5
0 19 1 6
20 12 1 9
17 7 1 9
18 21 1 19
18 17 1 4
11 15 1 20
23 7 1 2
24 10 1 2
22 12 1 15
25 23 1 20
24 23 1 6
24 5 1 5
1 12 1 16
16 3 1 14
19 10 1 14
16 21 1 15
3 17 1 9
11 3 1 7
5 15 1 18
23 13 1 17
21 10 1 17
0 8 1 11
7 25 1 13
21 3 1 15
19 23 1 19
6 1 1 7
25 4 1 3
13 4 1 16
11 9 1 14
26 22 1 1
21 5 1 1
1 22 1 20
14 2 1 6
11 24 1 10
1 5 1 12
0 11 1 15
21 26 1 5
22 12 0 1
26 13 0 18
18 12 0 12
12 7 0 18
16 24 0 20
18 11 0 10
7 12 0 8
26 2 0 7
15 2 0 13
10 13 0 7
9 24 0 9
13 23 0 18
16 3 0 11
2 15 0 15
21 20 0 6
24 11 0 8
19 7 0 12
26 7 0 13
23 11 0 13
20 21 0 19
16 3 0 13
13 17 0 14
8 6 0 7
4 24 0 12
7 19 0 10
23 5 0 19
12 13 0 2
15 13 0 3
8 9 0 18
20 18 0 13
17 23 0 20
1 9 0 4
23 6 0 10
11 10 0 2
13 17 0 8
9 3 0 15
6 16 0 18
10 21 0 3
10 2 0 9
21 11 0 8
26 18 0 14
7 8 0 19
11 4 0 10
20 4 0 7
0 18 0 18
15 16 0 7
25 22 0 5
20 21 0 12
14 4 0 4
21 25 0 12
19 13 0 20
2 21 0 8
20 21 0 14
20 14 0 3
3 4 0 8
19 8 0 10
0 22 0 18
13 16 0 15
21 19 0 9
4 13 0 15
14 21 0 11
16 23 0 10
14 7 0 15
17 0 0 8
25 19 0 17
23 0 0 13
0 16 0 20
16 3 0 5
26 24 0 4
13 17 0 15
3 4 0 7
8 9 0 11
7 13 0 7
16 3 0 4
12 1 0 11
1 14 0 3
25 14 0 8
18 19 0 12
1 18 0 18
19 21 0 13
12 25 0 17
0 7 0 20
1 4 0 11
8 20 0 3
4 5 0 9
22 6 0 6
12 4 0 7
7 12 0 8
17 13 0 5
12 21 0 17
25 6 0 10
4 7 0 4
7 8 0 11
26 5 0 18
9 11 0 8
20 22 0 13
19 7 0 13
10 14 0 8
4 20 0 14
6 22 0 14
13 20 0 7
8 13 0 6
26 10 0 10
5 25 0 1
20 7 0 11
2 17 0 10
6 25 0 12
14 8 0 5
8 1 0 19
3 8 0 9
9 21 0 11
10 18 0 17
18 17 0 15
7 11 0 2
6 20 0 6
17 11 0 14
22 17 0 20
13 5 0 2
18 2 0 19
16 5 0 8
26 3 0 1
17 13 0 2
11 4 0 4
15 0 0 15
6 23 0 18
21 13 0 6
26 24 0 5
2 10 0 18
2 1 0 1
15 7 0 19
13 22 0 7
17 1 0 13
18 12 0 12
9 16 0 11
11 23 0 8
12 17 0 17
9 6 0 4
12 8 0 15
20 11 0 20
19 15 0 4
23 1 0 20
20 8 0 6
4 26 0 4
24 8 0 14
17 8 0 3
7 21 0 16
9 19 0 5
25 4 0 1
14 13 0 14
4 5 0 18
1 17 0 17
25 11 0 14
7 4 0 3
18 17 0 15
8 7 0 4
9 14 0 12
17 13 0 12
4 0 0 12
16 14 0 9
22 7 0 3
6 24 0 13
7 22 0 8
16 3 0 1
24 10 0 3
2 7 0 16
4 6 0 1
1 12 0 1
5 6 0 3
3 22 0 19
13 17 0 2
18 12 0 13
2 8 0 13
23 24 0 17
12 10 0 8
17 12 0 14
18 17 0 7
6 7 0 18
25 12 0 18
17 15 0 20
12 18 0 9
14 9 0 4
3 0 0 19
15 24 0 13
18 25 0 14
21 4 0 18






39 577 12 1 12
13 14 1 19
1 13 1 2
15 37 1 9
8 29 1 15
29 20 1 12
4 5 1 19
12 37 1 16
18 13 1 5
13 19 1 1
25 21 1 17
18 23 1 13
24 14 1 18
34 29 1 8
18 37 1 3
6 16 1 3
6 10 1 6
33 22 1 7
36 1 1 1
17 14 1 7
33 28 1 2
23 7 1 3
6 21 1 16
14 16 1 4
37 24 1 10
0 30 1 15
22 37 1 12
0 20 1 5
15 18 1 1
33 35 1 15
31 18 1 19
11 31 1 7
31 37 1 19
38 1 1 8
24 27 1 1
36 27 1 4
15 11 1 1
15 11 1 2
27 16 1 13
1 10 1 18
17 2 1 11
23 2 1 7
15 33 1 6
38 21 1 3
28 34 1 11
3 21 1 18
37 36 1 5
1 2 1 9
14 29 1 17
34 30 1 13
1 36 1 11
25 21 1 8
30 25 1 15
22 24 1 6
5 14 1 10
27 6 1 3
15 4 1 3
14 34 1 10
2 37 1 20
7 33 1 5
21 34 1 8
27 9 1 18
34 28 1 2
25 0 1 18
27 6 1 6
24 22 1 6
31 37 1 20
24 1 1 10
31 3 1 1
16 38 1 16
32 21 1 13
34 9 1 2
18 32 1 13
16 19 1 19
10 35 1 15
36 9 1 3
18 1 1 20
4 25 1 14
14 6 1 2
33 23 1 11
24 5 1 15
10 0 1 8
5 7 1 6
6 23 1 14
18 22 1 18
37 19 1 19
27 26 1 11
16 20 1 4
5 34 1 5
26 17 1 20
36 2 1 14
27 12 1 18
28 6 1 17
11 12 1 4
13 19 1 8
11 17 1 8
7 6 1 7
4 22 0 18
15 16 0 2
33 32 0 7
13 29 0 12
9 6 0 17
22 34 0 15
14 34 0 6
29 8 0 13
28 8 0 9
35 15 0 18
18 8 0 19
22 24 0 2
20 7 0 3
25 10 0 17
20 19 0 18
28 3 0 7
30 6 0 7
34 36 0 13
18 14 0 4
19 38 0 8
16 17 0 13
23 28 0 8
8 38 0 17
14 24 0 18
10 33 0 16
13 22 0 9
0 3 0 13
21 37 0 2
1 5 0 12
29 24 0 2
22 29 0 10
12 3 0 15
27 0 0 1
27 4 0 3
9 14 0 4
38 16 0 14
10 16 0 14
38 27 0 14
13 17 0 6
2 7 0 10
17 18 0 5
1 20 0 20
24 36 0 16
35 24 0 16
9 33 0 16
28 21 0 4
19 31 0 8
13 19 0 1
22 32 0 19
8 23 0 7
35 30 0 10
3 32 0 2
13 6 0 14
13 31 0 18
16 1 0 15
34 29 0 1
19 9 0 3
20 11 0 15
37 22 0 8
32 30 0 15
24 16 0 15
35 19 0 11
15 33 0 1
32 35 0 20
22 12 0 2
7 36 0 4
2 16 0 5
17 25 0 12
2 23 0 16
20 16 0 16
11 30 0 20
21 26 0 16
25 30 0 12
35 23 0 3
37 35 0 5
29 3 0 16
1 33 0 8
22 0 0 8
4 31 0 20
8 12 0 2
21 12 0 13
22 33 0 14
32 19 0 7
24 15 0 16
1 2 0 20
3 21 0 5
18 22 0 19
10 5 0 9
16 37 0 16
6 35 0 20
1 17 0 3
16 1 0 3
17 22 0 12
10 35 0 16
16 37 0 12
6 29 0 8
0 8 0 19
15 7 0 3
20 23 0 17
28 29 0 10
26 20 0 17
36 25 0 16
2 3 0 7
15 3 0 17
32 19 0 2
13 14 0 8
4 14 0 8
29 19 0 11
9 0 0 18
26 18 0 14
29 5 0 14
21 31 0 10
3 22 0 16
7 37 0 9
35 19 0 5
34 22 0 3
13 26 0 1
28 5 0 16
11 14 0 20
18 30 0 17
33 20 0 10
28 30 0 12
10 33 0 14
34 1 0 7
11 36 0 2
35 21 0 7
34 23 0 13
9 1 0 5
31 12 0 19
4 20 0 10
5 14 0 8
29 3 0 9
6 13 0 20
5 36 0 19
30 36 0 2
25 32 0 3
2 28 0 17
6 26 0 7
16 8 0 20
18 12 0 8
11 6 0 1
13 36 0 16
34 31 0 12
21 26 0 14
26 6 0 4
28 20 0 12
2 23 0 18
26 29 0 2
13 34 0 18
1 13 0 18
37 13 0 10
20 15 0 16
23 10 0 7
29 20 0 15
33 7 0 6
23 36 0 7
34 27 0 3
24 14 0 18
29 16 0 6
14 17 0 7
0 15 0 12
3 24 0 14
21 37 0 15
31 27 0 4
17 10 0 1
37 22 0 18
0 7 0 6
25 31 0 5
2 10 0 11
2 24 0 13
15 24 0 4
31 16 0 2
13 26 0 4
16 7 0 5
28 24 0 5
9 12 0 1
15 12 0 15
20 38 0 17
29 1 0 8
15 31 0 17
6 7 0 1
4 28 0 9
26 2 0 14
34 7 0 16
31 24 0 3
28 34 0 19
8 10 0 14
6 20 0 19
13 10 0 15
30 14 0 7
32 10 0 14
8 4 0 6
28 19 0 5
25 3 0 1
2 35 0 5
31 13 0 10
22 21 0 17
25 16 0 18
28 29 0 10
8 9 0 3
22 2 0 9
31 38 0 8
29 16 0 17
29 3 0 4
25 5 0 12
6 25 0 6
11 8 0 10
26 33 0 6
10 11 0 14
6 10 0 1
4 32 0 15
1 24 0 4
31 14 0 20
12 32 0 9
25 7 0 14
23 2 0 17
34 13 0 8
27 28 0 13
36 0 0 9
13 6 0 12
10 38 0 12
37 29 0 2
13 21 0 15
6 22 0 11
1 9 0 6
30 32 0 17
5 28 0 4
17 5 0 13
23 3 0 3
18 16 0 1
35 16 0 3
33 14 0 7
6 28 0 4
20 34 0 19
28 24 0 6
31 15 0 20
37 10 0 7
18 27 0 16
16 0 0 3
14 18 0 9
8 3 0 11
2 37 0 7
13 32 0 15
7 13 0 15
12 30 0 15
37 12 0 10
33 10 0 19
19 17 0 18
10 33 0 19
32 37 0 14
20 6 0 16
14 36 0 3
33 0 0 17
19 7 0 16
0 19 0 12
5 6 0 9
15 28 0 7
35 8 0 19
32 7 0 19
18 28 0 19
12 38 0 11
37 13 0 20
21 7 0 2
37 15 0 12
16 4 0 8
15 9 0 15
15 14 0 17
26 38 0 19
15 21 0 6
15 28 0 10
25 1 0 13
30 38 0 5
32 9 0 4
35 7 0 16
33 13 0 3
1 17 0 12
2 33 0 11
32 20 0 2
32 24 0 19
28 0 0 4
13 14 0 1
9 5 0 7
6 38 0 2
0 23 0 16
36 6 0 11
10 7 0 2
21 38 0 14
35 31 0 17
37 13 0 9
33 2 0 17
7 5 0 2
10 14 0 8
13 9 0 9
15 37 0 3
24 35 0 17
35 34 0 12
24 5 0 1
36 1 0 4
28 38 0 1
23 21 0 15
18 28 0 9
38 0 0 7
3 2 0 14
16 17 0 8
4 30 0 2
25 26 0 14
16 1 0 11
5 37 0 15
3 15 0 12
15 38 0 19
19 17 0 1
27 6 0 9
0 9 0 9
10 16 0 8
7 9 0 7
1 35 0 2
28 12 0 1
22 6 0 10
5 10 0 9
16 14 0 4
10 22 0 5
21 0 0 15
21 0 0 9
12 38 0 10
10 6 0 16
11 7 0 17
16 25 0 14
33 8 0 17
37 13 0 12
17 19 0 19
25 29 0 2
1 0 0 20
21 10 0 20
1 22 0 7
36 33 0 16
3 33 0 6
33 38 0 17
25 21 0 12
24 19 0 5
33 25 0 20
7 1 0 15
31 2 0 2
27 12 0 9
12 14 0 17
24 11 0 12
31 14 0 13
35 36 0 1
25 23 0 8
23 8 0 15
24 31 0 10
4 27 0 17
3 19 0 4
1 7 0 14
10 8 0 6
2 21 0 1
5 13 0 4
2 38 0 1
26 24 0 11
32 9 0 18
7 33 0 16
7 26 0 16
37 29 0 15
18 31 0 16
23 2 0 18
31 32 0 15
1 26 0 6
24 17 0 17
33 4 0 16
27 25 0 13
29 32 0 5
12 28 0 11
11 26 0 7
1 6 0 5
15 18 0 6
37 0 0 6
2 1 0 20
8 14 0 20
3 8 0 18
33 35 0 1
22 14 0 7
33 15 0 13
31 26 0 1
9 16 0 13
7 31 0 14
35 18 0 10
6 20 0 5
3 18 0 10
17 10 0 10
35 4 0 2
28 15 0 5
3 9 0 8
18 1 0 4
37 0 0 1
23 35 0 4
16 32 0 8
38 27 0 1
21 31 0 15
8 9 0 11
3 34 0 4
22 23 0 6
6 27 0 5
6 34 0 19
21 32 0 15
2 5 0 1
15 21 0 17
8 20 0 20
10 31 0 14
19 0 0 6
38 31 0 16
22 3 0 16
10 38 0 13
7 33 0 19
33 15 0 18
10 17 0 10
21 22 0 1
16 30 0 7
26 29 0 18
29 9 0 15
30 8 0 7
26 19 0 4
6 29 0 13
31 25 0 14
11 8 0 6
24 7 0 5
30 18 0 3
19 23 0 19
18 11 0 1
19 1 0 7
38 31 0 7
9 18 0 4
12 13 0 7
14 5 0 20
10 17 0 10
21 30 0 6
28 21 0 6
17 30 0 16
26 9 0 17
35 17 0 14
32 16 0 12
36 26 0 18
10 38 0 8
12 14 0 17
18 24 0 5
4 35 0 9
14 13 0 3
15 30 0 6
1 17 0 13
25 3 0 17
12 24 0 10
7 21 0 1
21 31 0 13
37 33 0 19
19 12 0 16
36 5 0 8
15 19 0 20
33 35 0 18
31 25 0 2
38 11 0 3
24 12 0 8
26 9 0 3
32 30 0 17
37 28 0 3
18 36 0 13
1 33 0 8
19 38 0 13
0 21 0 6
11 14 0 2
29 13 0 6
0 37 0 6
34 13 0 3
1 34 0 6
38 33 0 2
30 1 0 8
34 2 0 11
32 10 0 9
9 10 0 20
24 21 0 4
12 1 0 9
0 1 0 1
31 25 0 7
30 26 0 13






10 42 9 3 16
2 3 1 17
3 9 1 1
3 7 1 20
2 3 1 7
7 1 1 20
6 5 1 5
6 5 1 4
4 2 1 16
8 4 1 1
9 7 1 9
3 0 1 4
1 3 1 13
1 8 1 12
2 3 1 16
9 0 1 17
0 8 1 12
4 6 1 20
7 3 1 2
4 3 1 16
4 3 1 15
2 8 0 15
5 0 0 10
7 1 0 1
1 4 0 14
6 5 0 16
4 5 0 5
7 2 0 3
8 1 0 18
9 8 0 2
6 2 0 15
1 7 0 13
7 2 0 13
7 2 0 7
7 3 0 13
2 1 0 10
6 7 0 17
3 6 0 11
6 5 0 15
3 6 0 3
6 3 0 7
2 6 0 4
5 3 0 9






19 113 2 9 9
8 9 1 1
12 8 1 8
11 3 1 4
7 9 1 9
17 1 1 8
9 16 1 3
17 18 1 9
7 8 1 4
17 18 1 19
1 6 1 12
12 15 1 6
0 6 1 19
5 17 1 15
14 5 1 10
16 4 1 20
15 10 1 6
10 8 1 15
9 14 1 11
14 10 0 7
2 12 0 4
6 5 0 2
17 6 0 3
17 8 0 3
18 3 0 17
6 1 0 6
14 16 0 4
16 5 0 19
12 14 0 5
15 6 0 10
15 8 0 7
2 12 0 7
2 10 0 17
4 6 0 16
5 2 0 17
11 8 0 3
15 0 0 9
10 13 0 18
11 6 0 2
4 3 0 11
5 18 0 9
1 18 0 14
16 17 0 15
15 2 0 11
4 7 0 16
12 15 0 3
2 11 0 19
2 3 0 2
10 11 0 17
12 13 0 12
16 18 0 9
10 16 0 10
13 11 0 5
8 7 0 20
5 8 0 7
2 1 0 4
6 0 0 10
8 3 0 15
7 14 0 9
6 4 0 5
9 1 0 16
11 9 0 17
6 3 0 9
2 11 0 4
16 14 0 15
15 16 0 12
13 0 0 3
2 8 0 15
7 12 0 18
4 0 0 13
15 9 0 10
18 17 0 18
3 4 0 2
15 3 0 7
13 0 0 13
0 14 0 19
4 8 0 8
12 7 0 17
1 14 0 1
1 18 0 15
2 11 0 3
5 11 0 13
16 11 0 18
9 5 0 2
14 18 0 12
10 15 0 7
1 0 0 2
8 10 0 18
4 8 0 9
10 7 0 16
13 9 0 10
3 14 0 20
7 9 0 6
12 15 0 11
1 10 0 11
7 18 0 4
7 16 0 9
13 5 0 9
6 9 0 2
14 17 0 8
2 8 0 15
17 12 0 6
6 16 0 1
6 10 0 9
11 8 0 10
12 15 0 7
9 1 0 19
3 14 0 5
5 1 0 13
15 12 0 4
13 14 0 20
1 10 0 14
1 16 0 18
7 3 0 14






13 74 2 5 11
3 4 1 18
9 12 1 1
12 6 1 6
5 1 1 12
1 3 1 8
6 3 1 2
11 12 1 6
7 1 1 5
0 8 1 1
2 0 1 16
1 5 1 1
9 3 1 4
7 4 1 11
8 9 1 9
8 10 1 7
6 5 1 10
4 3 1 15
4 11 1 3
12 0 1 14
1 2 1 9
11 5 1 14
0 1 1 15
3 11 0 20
0 6 0 14
1 3 0 15
5 11 0 8
1 2 0 4
9 8 0 2
8 7 0 15
1 11 0 5
10 9 0 11
10 9 0 13
3 2 0 1
12 2 0 4
4 5 0 20
9 12 0 10
7 0 0 5
8 12 0 20
10 7 0 9
0 10 0 18
6 7 0 20
6 5 0 5
9 8 0 7
9 7 0 8
6 2 0 6
4 11 0 17
3 7 0 4
5 4 0 8
2 1 0 16
8 4 0 1
0 12 0 17
2 7 0 12
2 3 0 17
6 1 0 11
12 7 0 8
0 1 0 14
12 6 0 16
2 11 0 10
4 2 0 16
2 11 0 2
10 11 0 20
0 2 0 4
10 4 0 7
4 10 0 20
8 12 0 20
11 12 0 13
4 0 0 12
1 2 0 3
5 8 0 11
0 10 0 10
11 10 0 17
11 10 0 10
2 10 0 7
12 1 0 20






36 521 33 7 23
35 1 1 7
26 18 1 2
16 33 1 12
15 11 1 2
0 6 1 7
4 17 1 3
6 28 1 2
4 8 1 4
27 16 1 6
5 3 1 13
30 18 1 14
24 9 1 1
21 5 1 10
25 20 1 1
2 1 1 3
0 5 1 1
18 27 1 5
0 11 1 17
23 19 1 14
0 24 1 9
33 18 1 4
10 22 1 1
6 8 1 14
35 13 1 7
35 31 1 16
26 31 1 1
14 13 1 13
10 29 1 4
14 16 1 19
15 33 1 11
0 10 1 1
23 20 1 8
35 7 1 12
16 22 1 5
34 22 1 12
17 12 1 11
5 6 1 12
2 32 1 2
25 26 1 2
16 22 1 3
10 22 1 13
23 25 1 18
2 4 1 1
5 0 1 7
1 35 1 9
28 16 1 1
14 2 1 3
13 4 1 19
22 10 1 10
12 26 1 16
34 0 1 18
31 3 1 3
28 21 1 19
32 26 1 3
22 7 1 2
34 35 1 15
19 13 1 9
10 7 1 10
32 29 1 20
25 21 1 10
19 20 1 18
1 15 1 2
6 7 1 3
33 19 1 14
24 5 1 13
13 20 1 1
19 4 1 14
8 30 1 1
1 6 1 11
20 12 1 16
29 32 0 20
18 34 0 7
11 21 0 14
26 19 0 1
11 23 0 7
3 0 0 7
11 20 0 7
13 8 0 17
21 9 0 8
19 9 0 8
23 2 0 4
26 20 0 2
25 32 0 20
10 2 0 3
15 13 0 6
25 32 0 2
35 8 0 18
14 1 0 2
1 2 0 15
33 22 0 16
4 25 0 6
8 15 0 3
25 20 0 7
28 31 0 1
9 10 0 10
35 15 0 18
5 14 0 6
10 8 0 19
24 27 0 6
26 24 0 8
22 9 0 5
15 17 0 4
29 6 0 5
19 15 0 4
11 5 0 2
32 21 0 5
14 26 0 3
19 16 0 4
26 4 0 15
35 31 0 3
10 33 0 8
10 12 0 13
5 22 0 4
1 5 0 19
28 33 0 20
25 29 0 5
1 23 0 7
28 7 0 16
23 33 0 20
25 32 0 11
15 22 0 4
15 32 0 5
31 17 0 15
14 19 0 12
28 27 0 5
32 17 0 7
0 18 0 14
11 26 0 5
2 29 0 10
13 18 0 10
0 34 0 20
19 29 0 8
11 4 0 14
9 19 0 9
9 11 0 16
5 23 0 1
31 4 0 16
25 15 0 18
9 17 0 20
23 30 0 6
16 30 0 12
28 30 0 13
19 5 0 14
24 31 0 9
12 20 0 4
28 25 0 16
4 21 0 16
15 26 0 3
17 15 0 4
12 2 0 18
5 35 0 9
13 27 0 19
33 10 0 16
2 15 0 15
26 27 0 7
6 35 0 9
9 4 0 18
16 35 0 8
18 16 0 15
1 8 0 2
30 14 0 5
34 27 0 16
12 4 0 14
32 23 0 13
26 13 0 1
21 35 0 16
5 8 0 4
10 4 0 16
21 22 0 8
11 3 0 9
4 14 0 7
32 12 0 14
31 5 0 14
5 1 0 1
9 7 0 3
5 8 0 6
1 13 0 7
0 3 0 7
15 24 0 14
27 16 0 9
31 0 0 19
9 13 0 4
14 8 0 1
3 29 0 18
16 3 0 17
22 8 0 10
27 9 0 15
5 26 0 19
4 21 0 11
5 12 0 7
9 23 0 20
8 12 0 13
19 26 0 13
35 10 0 3
32 6 0 18
16 28 0 6
9 19 0 8
16 5 0 14
6 9 0 15
20 14 0 8
15 3 0 11
26 11 0 12
14 10 0 2
26 25 0 20
16 1 0 2
25 18 0 2
23 7 0 10
30 3 0 19
7 9 0 20
5 10 0 6
12 5 0 5
7 31 0 1
14 25 0 3
27 15 0 5
15 12 0 14
24 17 0 16
26 4 0 12
11 14 0 19
17 1 0 5
32 23 0 19
5 35 0 12
17 6 0 11
1 0 0 20
32 28 0 15
0 23 0 7
1 11 0 17
21 1 0 17
11 12 0 16
2 29 0 1
2 5 0 4
28 10 0 4
23 8 0 2
29 9 0 19
4 21 0 7
31 1 0 18
13 3 0 5
13 24 0 19
14 16 0 19
13 18 0 9
29 1 0 6
13 29 0 13
16 33 0 9
21 26 0 2
11 31 0 8
9 6 0 1
30 19 0 16
27 13 0 8
5 27 0 20
31 20 0 3
15 29 0 8
21 6 0 5
17 2 0 10
21 4 0 17
30 31 0 20
9 21 0 14
6 15 0 5
25 22 0 2
13 7 0 1
16 3 0 17
2 18 0 15
25 19 0 5
22 16 0 4
15 17 0 12
15 12 0 19
26 1 0 4
6 7 0 16
4 13 0 18
13 26 0 10
30 6 0 1
10 9 0 11
20 14 0 7
33 0 0 19
12 32 0 1
31 27 0 9
25 34 0 6
5 21 0 10
16 25 0 19
29 3 0 1
14 13 0 19
2 23 0 4
9 24 0 3
31 21 0 3
33 13 0 15
17 24 0 15
28 29 0 5
23 34 0 18
8 30 0 12
22 24 0 15
26 2 0 8
0 5 0 11
0 30 0 19
30 5 0 16
24 2 0 17
11 0 0 1
8 9 0 11
21 32 0 1
18 4 0 8
21 6 0 20
27 32 0 10
26 33 0 7
29 13 0 17
35 23 0 14
27 11 0 9
27 2 0 5
0 11 0 18
2 12 0 7
34 11 0 11
9 32 0 2
24 4 0 6
6 10 0 7
28 3 0 8
25 19 0 11
6 26 0 11
10 17 0 1
10 17 0 9
4 35 0 17
10 34 0 20
0 23 0 17
33 12 0 13
7 18 0 15
13 10 0 19
13 15 0 2
35 22 0 12
13 12 0 5
10 23 0 15
18 7 0 18
18 33 0 20
30 13 0 16
34 27 0 16
6 34 0 2
24 27 0 8
26 4 0 12
27 20 0 10
2 13 0 10
11 23 0 17
17 5 0 20
22 24 0 5
26 34 0 19
33 32 0 18
16 18 0 20
17 6 0 15
8 13 0 16
31 20 0 8
20 3 0 17
22 14 0 9
6 31 0 6
34 17 0 2
22 23 0 16
4 0 0 12
29 16 0 18
16 13 0 5
31 2 0 2
14 33 0 10
13 34 0 13
9 0 0 7
9 6 0 6
31 4 0 20
20 7 0 19
8 27 0 20
7 21 0 8
25 1 0 10
29 32 0 8
25 26 0 17
7 3 0 7
8 29 0 19
22 18 0 2
28 29 0 10
15 14 0 13
5 22 0 9
12 29 0 6
0 34 0 11
1 27 0 4
20 33 0 18
0 21 0 2
31 29 0 11
25 31 0 17
26 23 0 7
12 18 0 9
24 4 0 3
8 32 0 20
29 32 0 19
0 33 0 14
35 17 0 16
24 34 0 5
33 29 0 6
15 18 0 13
32 25 0 17
6 1 0 15
10 5 0 7
0 30 0 12
15 23 0 8
29 3 0 18
35 2 0 15
18 7 0 13
6 4 0 14
3 0 0 13
11 32 0 10
23 2 0 3
18 12 0 20
32 28 0 18
6 7 0 6
31 1 0 1
15 16 0 12
33 34 0 3
15 20 0 7
4 3 0 15
28 14 0 7
5 2 0 5
35 20 0 13
35 32 0 13
8 20 0 5
21 15 0 18
22 11 0 6
21 9 0 8
27 4 0 16
1 9 0 7
28 17 0 5
14 23 0 15
19 22 0 15
15 1 0 12
20 10 0 4
32 31 0 3
5 33 0 14
14 34 0 15
17 25 0 20
24 7 0 9
14 15 0 2
18 29 0 13
5 28 0 20
11 24 0 9
10 8 0 3
13 20 0 7
27 25 0 20
16 19 0 11
31 0 0 16
14 24 0 19
22 18 0 2
11 0 0 4
24 5 0 20
19 33 0 4
35 7 0 12
22 1 0 16
4 8 0 5
35 25 0 16
29 20 0 16
29 34 0 12
35 0 0 10
1 11 0 7
32 15 0 16
35 34 0 13
7 34 0 13
22 20 0 6
22 4 0 18
26 3 0 15
34 13 0 11
21 6 0 5
13 21 0 17
21 22 0 9
32 34 0 16
28 14 0 15
0 21 0 17
16 7 0 5
13 9 0 5
19 0 0 20
13 14 0 9
24 15 0 19
32 28 0 13
5 31 0 7
5 27 0 2
20 35 0 12
14 0 0 13
6 32 0 8
34 10 0 14
30 29 0 2
26 22 0 4
18 10 0 3
33 7 0 4
33 28 0 11
35 13 0 14
0 13 0 6
15 28 0 14
31 34 0 6
35 33 0 4
12 7 0 1
5 33 0 20
12 32 0 2
34 29 0 5
29 26 0 5
19 25 0 10
17 26 0 20
14 21 0 4
27 33 0 10
0 32 0 15
0 24 0 3
28 29 0 12
7 5 0 12
13 19 0 13
5 13 0 19
26 12 0 5
3 29 0 15
30 23 0 8
29 14 0 13
11 31 0 5
21 31 0 17
19 3 0 14
15 27 0 7
22 20 0 19
23 25 0 16
13 31 0 16
9 35 0 18
11 9 0 5
19 3 0 20
19 30 0 3
16 31 0 6
0 15 0 9
9 10 0 16
24 32 0 16
22 35 0 6
13 29 0 1
33 2 0 4
26 14 0 14






28 202 16 25 16
15 12 1 6
8 5 1 13
25 19 1 11
20 19 1 16
20 14 1 19
13 3 1 12
17 16 1 11
5 6 1 9
14 13 1 6
14 22 1 14
16 10 1 11
21 2 1 20
22 27 1 19
8 4 1 10
19 24 1 16
10 21 1 12
25 10 1 4
14 15 1 11
11 13 1 8
0 27 1 14
14 27 1 16
12 21 1 7
27 15 1 6
5 7 1 2
14 11 1 10
22 21 1 15
17 2 1 2
0 18 1 1
18 13 1 3
17 14 1 6
11 12 1 14
14 24 1 3
20 7 1 6
10 12 1 17
3 10 1 8
5 4 1 1
15 21 1 8
20 6 1 2
25 8 1 19
15 26 1 9
0 9 1 5
1 7 1 9
23 0 1 20
16 22 1 8
17 9 1 3
0 14 1 3
17 2 1 1
20 6 1 19
13 15 1 11
3 14 1 1
8 15 1 18
8 16 1 18
5 12 1 14
20 12 1 4
20 1 1 13
13 14 1 12
24 3 1 6
12 7 1 16
6 4 1 4
9 7 0 2
21 27 0 9
27 8 0 14
12 25 0 2
9 1 0 18
12 5 0 20
12 19 0 6
11 0 0 17
24 12 0 12
16 19 0 20
7 12 0 11
12 5 0 7
5 16 0 3
14 0 0 16
19 9 0 9
20 21 0 11
11 18 0 14
0 13 0 14
4 10 0 19
15 26 0 2
2 5 0 14
25 1 0 15
3 6 0 16
17 4 0 12
12 23 0 10
24 0 0 11
26 23 0 1
4 24 0 11
9 12 0 17
11 0 0 7
16 2 0 4
5 11 0 1
12 14 0 8
7 15 0 8
14 27 0 4
15 8 0 12
10 18 0 15
6 22 0 7
15 16 0 16
20 11 0 12
22 0 0 6
13 17 0 10
6 13 0 8
17 4 0 4
4 19 0 3
27 6 0 7
22 0 0 18
13 19 0 20
11 7 0 8
22 12 0 20
17 6 0 20
27 4 0 1
4 22 0 7
23 11 0 3
14 27 0 14
21 27 0 9
19 21 0 17
8 6 0 12
20 18 0 4
3 24 0 8
10 26 0 2
17 9 0 18
26 13 0 8
4 20 0 11
2 7 0 15
16 0 0 6
8 3 0 3
11 12 0 6
24 16 0 8
27 19 0 4
26 14 0 2
2 3 0 15
25 13 0 16
0 1 0 1
11 16 0 4
21 4 0 20
2 24 0 15
4 8 0 19
9 4 0 3
4 15 0 15
24 25 0 13
9 1 0 8
4 26 0 2
11 10 0 19
11 21 0 7
2 14 0 15
21 0 0 15
0 17 0 16
18 26 0 4
25 3 0 20
23 11 0 17
19 20 0 10
2 8 0 16
11 20 0 15
22 15 0 4
20 18 0 15
22 23 0 11
5 23 0 4
24 26 0 11
4 23 0 10
11 2 0 13
3 21 0 5
21 7 0 2
20 19 0 10
2 13 0 17
6 5 0 11
20 12 0 19
6 2 0 18
22 10 0 8
24 26 0 3
25 9 0 9
24 25 0 10
13 18 0 14
9 10 0 5
27 13 0 10
4 3 0 19
10 7 0 8
24 13 0 2
18 7 0 4
25 15 0 3
12 24 0 16
0 21 0 13
22 19 0 15
11 1 0 18
15 13 0 15
4 17 0 10
26 11 0 1
1 8 0 18
6 10 0 6
6 7 0 5
4 3 0 6
11 4 0 11
4 10 0 18
10 5 0 16
27 20 0 9
13 24 0 18
14 6 0 9
22 20 0 9
0 26 0 7
13 16 0 3
9 20 0 18
18 4 0 6
17 20 0 16






16 113 8 5 22
9 15 1 13
1 2 1 8
15 0 1 12
7 0 1 18
2 9 1 11
4 11 1 3
1 5 1 15
3 10 1 7
10 5 1 18
3 10 1 4
11 4 1 19
4 6 1 5
15 5 1 2
14 13 1 18
7 15 1 12
9 3 1 7
3 4 1 8
6 7 1 3
13 2 1 4
10 5 1 10
9 0 1 10
7 4 1 1
8 3 1 2
9 1 1 11
10 9 1 18
5 2 1 5
11 6 1 18
7 13 1 5
13 10 1 11
8 4 1 4
12 13 1 1
7 4 1 1
7 12 1 17
12 5 1 2
15 0 1 15
0 5 0 6
5 1 0 8
14 8 0 17
14 5 0 3
1 13 0 11
8 10 0 8
0 1 0 5
13 8 0 5
13 5 0 11
14 4 0 19
9 4 0 12
6 9 0 5
9 7 0 17
10 6 0 14
4 7 0 7
3 15 0 10
14 0 0 19
14 13 0 8
11 10 0 17
13 8 0 9
15 1 0 13
6 7 0 15
15 1 0 10
15 11 0 4
5 15 0 11
7 2 0 15
4 1 0 15
3 15 0 4
9 10 0 18
6 7 0 18
5 6 0 4
10 13 0 7
8 12 0 20
14 11 0 19
9 0 0 7
12 8 0 5
14 12 0 14
0 15 0 6
15 9 0 8
8 15 0 12
9 5 0 14
12 0 0 15
7 8 0 3
2 6 0 15
9 0 0 15
15 12 0 11
7 10 0 16
1 10 0 15
10 9 0 1
13 1 0 8
8 10 0 18
10 7 0 2
8 14 0 6
3 0 0 1
8 9 0 9
15 8 0 5
14 0 0 3
9 1 0 17
3 11 0 6
7 8 0 11
11 1 0 5
4 11 0 12
13 3 0 6
14 6 0 3
6 15 0 16
14 15 0 9
2 13 0 1
0 6 0 18
8 9 0 9
9 1 0 9
11 12 0 2
8 0 0 13
11 13 0 17
13 11 0 15
15 2 0 15
10 0 0 10
14 3 0 15
2 3 0 1






31 29 7 12 21
14 19 1 3
28 14 1 11
2 28 1 16
11 23 1 8
4 21 1 14
19 12 1 18
25 29 1 1
12 5 1 9
13 19 1 17
21 1 1 10
2 13 1 3
15 8 1 20
23 10 0 5
17 21 0 14
28 26 0 19
5 12 0 18
27 5 0 7
24 17 0 11
9 0 0 19
25 19 0 14
1 19 0 1
24 1 0 1
29 25 0 16
1 9 0 4
26 6 0 1
8 9 0 1
2 3 0 8
23 27 0 12
21 5 0 6






35 436 9 15 11
10 0 1 20
30 11 1 13
2 14 1 16
16 10 1 8
11 34 1 14
28 22 1 12
27 21 1 13
34 31 1 3
14 28 1 20
24 8 1 15
12 18 1 2
3 26 1 9
8 28 1 15
3 21 1 2
33 10 1 16
28 15 1 18
16 8 1 6
29 7 1 20
33 21 1 8
9 22 1 17
16 11 1 5
22 15 1 18
17 23 1 19
26 3 1 2
34 13 1 17
29 7 1 20
23 0 1 13
4 29 1 12
28 4 1 10
10 14 1 3
1 30 1 14
23 29 1 16
11 12 1 1
30 15 1 17
12 15 1 10
15 21 1 19
34 22 1 15
2 3 1 1
14 8 1 1
24 18 1 5
33 32 1 12
18 32 1 11
19 9 1 3
31 17 1 6
12 6 1 16
19 21 1 4
32 33 1 16
11 1 1 9
32 16 1 2
22 5 1 3
3 15 1 7
14 33 1 11
31 17 1 20
25 26 1 9
1 3 1 15
3 22 1 19
26 32 1 7
14 8 1 3
4 17 1 19
3 16 1 16
32 19 1 16
23 10 1 5
0 7 1 9
9 33 1 2
25 34 1 16
11 14 1 15
19 17 1 7
25 8 1 18
33 13 1 15
33 28 1 12
16 25 1 3
1 25 1 9
32 25 1 11
23 11 1 16
4 1 1 17
1 25 1 1
21 9 1 15
14 0 1 4
16 10 1 19
13 8 1 2
26 24 1 19
23 3 1 4
8 12 1 11
-1 0 1 7
25 17 1 6
26 18 1 1
18 16 1 2
28 8 1 12
23 24 1 9
31 14 1 8
32 5 1 19
12 29 1 19
5 2 1 12
12 3 1 9
30 5 1 13
27 32 1 7
2 27 1 20
11 32 1 8
7 20 1 20
26 16 1 9
30 25 1 20
0 2 1 6
9 19 1 3
7 31 1 18
5 27 1 14
33 19 1 18
21 34 1 10
2 10 1 18
27 29 1 3
6 20 1 17
11 27 1 7
10 28 1 5
27 14 1 16
12 21 1 8
34 26 1 10
4 1 1 11
6 22 1 20
13 2 1 2
5 29 1 17
29 0 1 4
0 11 1 12
9 34 1 2
8 26 1 1
3 15 1 12
7 15 1 15
3 19 1 12
19 3 1 11
10 16 1 13
12 33 1 17
20 27 1 14
13 5 1 13
11 14 1 4
14 34 1 12
19 14 1 13
21 22 1 3
17 25 1 19
25 21 1 7
20 9 1 20
30 21 1 3
33 18 1 3
2 8 1 3
29 20 1 2
32 34 1 16
15 31 1 12
2 30 1 14
4 12 1 7
15 14 1 20
28 12 1 14
23 7 1 2
27 5 1 20
24 7 1 4
26 13 1 16
19 22 1 17
34 3 1 20
18 5 1 16
23 22 1 10
31 14 1 15
26 7 1 12
29 7 1 6
8 0 1 1
4 24 1 16
9 16 1 1
34 0 1 9
13 12 1 14
22 7 1 16
4 30 1 10
34 27 1 14
20 18 1 19
18 24 1 11
23 9 1 6
10 14 1 18
5 23 1 16
3 0 1 13
23 13 1 17
11 12 1 19
28 17 1 5
33 28 1 4
16 25 1 4
19 8 1 18
7 8 1 13
29 18 1 19
6 1 1 7
11 16 1 17
29 4 1 17
0 27 1 15
26 20 1 17
12 30 1 5
25 12 1 5
33 8 1 20
7 27 1 15
26 22 1 18
24 28 1 1
23 17 1 12
9 23 1 3
21 0 1 15
22 26 1 16
28 3 1 6
4 28 1 20
5 3 1 16
14 11 1 15
8 2 1 12
32 27 1 8
0 15 1 5
18 1 1 20
6 34 1 5
20 21 1 4
32 26 1 7
5 30 1 3
1 0 1 1
18 26 1 4
28 11 0 12
24 21 0 14
3 21 0 1
34 16 0 9
18 22 0 4
3 20 0 2
3 29 0 9
6 34 0 19
3 13 0 2
16 31 0 3
4 24 0 2
30 26 0 3
25 29 0 11
12 29 0 17
1 24 0 17
1 4 0 12
22 7 0 13
0 14 0 3
21 29 0 16
7 10 0 19
31 27 0 4
9 34 0 17
31 2 0 1
28 14 0 17
7 27 0 12
8 28 0 1
6 16 0 9
33 28 0 5
2 26 0 19
19 10 0 5
33 7 0 9
1 28 0 10
7 2 0 2
19 30 0 9
3 2 0 6
34 22 0 2
11 5 0 13
31 4 0 3
30 18 0 20
24 3 0 15
5 1 0 4
13 14 0 8
32 33 0 12
31 29 0 2
9 32 0 12
14 8 0 16
25 20 0 7
29 16 0 16
4 24 0 1
5 13 0 14
4 30 0 5
0 20 0 1
24 17 0 14
15 25 0 9
13 34 0 1
14 26 0 15
15 28 0 2
33 0 0 10
8 4 0 4
13 9 0 14
34 25 0 4
20 2 0 14
21 26 0 14
19 18 0 4
24 32 0 6
15 11 0 12
26 3 0 7
34 1 0 12
0 21 0 13
14 12 0 9
29 23 0 7
28 8 0 9
23 29 0 16
13 26 0 9
17 15 0 3
9 7 0 17
27 10 0 5
3 9 0 19
27 10 0 12
19 1 0 6
10 30 0 14
26 0 0 13
9 1 0 14
31 14 0 20
2 8 0 11
4 17 0 10
30 9 0 1
2 25 0 7
22 17 0 19
5 13 0 20
1 23 0 8
31 26 0 5
0 1 0 6
34 9 0 8
23 11 0 1
5 28 0 16
30 23 0 2
7 2 0 19
28 24 0 18
2 30 0 4
23 8 0 12
5 16 0 6
12 17 0 17
19 16 0 8
6 16 0 5
14 22 0 13
16 29 0 8
27 13 0 16
18 6 0 17
25 20 0 4
23 9 0 2
22 26 0 9
12 3 0 8
15 23 0 9
27 6 0 15
28 20 0 9
10 1 0 20
5 6 0 8
25 1 0 12
23 26 0 9
17 27 0 8
30 14 0 12
25 3 0 12
2 18 0 15
30 10 0 4
17 4 0 14
2 26 0 18
29 8 0 16
21 33 0 7
9 34 0 8
18 16 0 7
12 11 0 11
33 2 0 9
0 4 0 17
1 12 0 15
9 29 0 6
15 8 0 14
22 2 0 8
24 1 0 13
15 10 0 7
9 5 0 5
31 18 0 17
8 16 0 6
12 28 0 15
10 30 0 9
31 16 0 18
33 31 0 19
4 30 0 6
6 19 0 12
30 11 0 8
19 33 0 5
23 6 0 8
4 14 0 12
11 3 0 15
11 14 0 17
11 22 0 9
6 33 0 7
9 2 0 18
14 20 0 19
21 27 0 18
15 11 0 1
14 0 0 7
9 16 0 6
20 28 0 12
1 16 0 8
13 27 0 20
18 33 0 18
31 7 0 7
5 22 0 14
11 20 0 12
28 0 0 18
20 26 0 10
6 0 0 12
18 20 0 12
33 34 0 13
6 24 0 7
13 19 0 1
17 15 0 15
24 33 0 4
27 9 0 19
0 2 0 11
8 22 0 5
27 5 0 7
5 23 0 10
11 0 0 19
33 18 0 3
25 31 0 2
27 14 0 14
13 15 0 17
22 19 0 1
27 20 0 3
10 5 0 7
31 32 0 7
17 3 0 13
1 26 0 15
19 25 0 8
26 27 0 5
29 31 0 6
13 9 0 18
29 8 0 14
20 13 0 14
24 23 0 11
28 31 0 11
1 13 0 4
33 15 0 5
7 11 0 7
12 15 0 16
1 9 0 12
28 34 0 14
12 29 0 12
15 26 0 2
16 15 0 10
21 20 0 8
1 22 0 7
31 20 0 19
18 5 0 10
6 17 0 15
22 30 0 7
10 0 0 6
20 12 0 2
3 4 0 3
0 20 0 16
32 19 0 6
24 32 0 13
30 29 0 1
5 24 0 11






25 165 9 16 22
22 2 1 14
0 22 1 3
1 3 1 17
9 4 1 15
4 21 1 14
11 10 1 8
4 23 1 9
14 18 1 13
11 20 1 11
22 12 1 17
10 11 1 16
8 11 1 1
22 13 1 14
8 22 1 18
12 3 1 6
17 14 1 14
0 20 1 7
8 11 1 7
18 24 1 13
10 21 1 2
16 8 0 8
4 18 0 10
14 15 0 8
4 1 0 17
24 15 0 12
14 8 0 18
17 10 0 9
19 20 0 7
19 15 0 12
11 0 0 20
17 19 0 9
11 23 0 14
15 14 0 15
9 18 0 11
2 17 0 8
23 9 0 16
11 1 0 18
21 24 0 11
17 18 0 6
15 6 0 7
10 0 0 1
15 11 0 16
13 2 0 20
4 13 0 10
21 16 0 5
4 14 0 9
21 2 0 7
1 0 0 6
1 18 0 4
16 10 0 17
9 20 0 2
21 12 0 19
6 3 0 8
7 9 0 16
2 6 0 12
18 12 0 19
16 10 0 1
19 13 0 4
20 14 0 9
15 8 0 19
17 19 0 15
18 16 0 19
8 22 0 2
0 7 0 2
8 11 0 20
3 4 0 4
19 22 0 9
12 16 0 18
5 11 0 19
18 4 0 19
16 23 0 4
12 16 0 5
21 2 0 9
9 2 0 16
7 10 0 7
11 17 0 18
4 11 0 5
10 0 0 19
4 5 0 12
12 0 0 1
6 17 0 14
21 6 0 13
0 4 0 15
5 14 0 19
16 21 0 10
14 10 0 14
19 16 0 17
20 3 0 13
13 7 0 15
20 22 0 1
7 5 0 20
16 1 0 6
20 3 0 11
24 8 0 7
7 1 0 15
3 18 0 7
16 12 0 14
18 7 0 7
22 23 0 17
6 18 0 9
16 0 0 14
20 18 0 15
6 13 0 20
23 12 0 13
4 22 0 7
10 0 0 7
2 17 0 19
10 12 0 3
23 9 0 6
19 15 0 11
12 7 0 7
12 4 0 10
13 12 0 14
17 10 0 3
7 16 0 5
0 2 0 1
11 4 0 15
9 16 0 12
18 16 0 16
1 11 0 13
1 0 0 20
2 13 0 12
24 3 0 9
9 21 0 7
8 5 0 18
3 5 0 2
0 16 0 13
14 2 0 4
17 22 0 6
2 23 0 14
4 0 0 16
16 4 0 6
9 3 0 10
12 14 0 18
3 23 0 3
11 3 0 15
24 3 0 8
17 19 0 20
0 11 0 9
2 15 0 18
17 21 0 8
8 14 0 17
13 23 0 8
24 11 0 12
6 16 0 17
18 4 0 15
14 4 0 10
1 21 0 4
17 23 0 12
6 3 0 17
18 20 0 16
7 5 0 15
23 21 0 11
22 20 0 19
9 2 0 5
20 22 0 12
11 12 0 16
6 15 0 14
20 8 0 9
21 14 0 7
15 9 0 5
7 16 0 17
11 16 0 18
18 14 0 9
11 0 0 18






18 13 8 11 27
7 8 1 17
1 8 1 15
12 13 1 6
14 11 1 7
2 8 1 13
0 6 0 16
6 9 0 20
4 3 0 20
13 9 0 5
3 0 0 4
12 8 0 12
6 7 0 20
0 2 0 4






21 35 12 11 14
17 9 1 2
17 9 1 9
8 7 1 10
6 9 1 9
12 13 1 9
15 7 1 17
16 7 1 14
15 1 1 1
18 16 0 7
7 4 0 14
10 0 0 13
20 16 0 18
4 3 0 13
8 9 0 3
10 20 0 18
15 14 0 6
0 7 0 5
0 1 0 11
16 17 0 7
0 4 0 13
0 14 0 11
9 12 0 6
6 16 0 1
6 2 0 16
15 12 0 14
16 5 0 3
2 3 0 2
17 4 0 16
10 1 0 14
17 1 0 8
8 1 0 3
0 10 0 19
5 14 0 17
12 20 0 14
7 14 0 4






33 88 11 17 14
20 21 1 14
17 14 1 2
31 19 1 19
18 28 1 2
22 5 1 19
22 4 1 3
22 14 1 14
27 9 1 6
19 11 1 17
28 26 1 3
7 13 1 1
20 30 1 9
8 28 1 17
3 12 1 18
12 1 1 2
1 22 1 19
27 11 1 8
24 3 1 6
7 20 1 8
18 15 1 18
19 22 1 4
8 10 1 13
9 16 1 4
29 19 1 3
10 29 1 12
26 29 1 10
14 23 1 17
17 14 1 5
27 19 1 19
13 4 1 2
26 23 1 12
19 29 1 9
8 5 1 11
23 0 1 4
17 8 1 3
8 1 1 5
24 16 1 5
14 31 1 8
5 23 1 9
17 3 1 14
12 28 0 7
27 12 0 6
17 20 0 5
23 8 0 7
11 23 0 2
29 32 0 3
10 21 0 5
12 2 0 11
27 7 0 14
28 25 0 6
0 2 0 11
25 29 0 4
14 11 0 11
8 1 0 5
0 12 0 18
0 7 0 12
1 17 0 9
17 28 0 17
30 22 0 20
32 15 0 9
2 13 0 5
2 6 0 11
12 20 0 15
10 28 0 19
15 26 0 7
8 26 0 20
0 27 0 2
15 11 0 14
28 7 0 11
13 4 0 13
24 6 0 6
1 8 0 15
8 18 0 10
23 27 0 3
7 9 0 12
1 15 0 10
0 15 0 11
16 28 0 9
28 23 0 9
26 1 0 13
7 25 0 18
32 25 0 6
30 31 0 12
15 21 0 15
25 26 0 19
28 25 0 5
24 25 0 16
14 9 0 8






14 8 2 8 12
6 4 1 17
9 1 0 9
0 2 0 17
12 6 0 20
6 0 0 3
5 13 0 18
11 5 0 18
11 12 0 10






28 89 26 11 23
25 19 1 20
25 13 1 10
10 11 1 2
26 9 1 7
25 14 1 5
12 17 1 17
9 0 1 6
26 23 1 12
4 18 1 3
14 1 1 10
21 10 1 5
1 19 1 6
26 13 1 2
23 12 1 3
13 21 1 5
2 5 1 6
2 26 1 15
19 9 1 6
7 13 1 16
13 11 1 17
6 17 1 11
2 18 1 19
24 16 1 20
1 23 1 8
27 21 1 18
12 23 1 7
25 9 1 10
23 12 1 19
17 19 1 8
0 16 1 15
25 6 1 16
15 21 1 10
25 17 1 18
21 2 1 2
0 1 1 19
13 25 0 14
16 23 0 3
17 2 0 7
11 19 0 3
18 20 0 19
8 1 0 2
15 16 0 7
25 14 0 12
23 7 0 18
16 19 0 11
2 17 0 5
23 17 0 8
9 18 0 14
19 1 0 10
21 19 0 2
12 11 0 15
9 27 0 3
11 25 0 5
14 20 0 20
19 20 0 16
25 6 0 13
12 13 0 18
8 6 0 8
6 25 0 13
23 19 0 12
4 3 0 7
26 24 0 7
20 19 0 20
1 5 0 4
0 8 0 20
3 17 0 18
23 3 0 11
16 23 0 13
11 1 0 10
7 24 0 17
22 0 0 4
5 10 0 20
15 3 0 15
6 4 0 12
1 4 0 8
0 8 0 6
21 15 0 1
11 16 0 20
7 27 0 10
0 7 0 10
12 13 0 15
0 18 0 17
24 5 0 4
10 23 0 8
2 8 0 17
13 8 0 1
14 13 0 12
18 24 0 8
18 15 0 4






27 31 9 16 25
24 5 1 3
21 13 1 20
0 19 1 8
2 17 1 20
7 3 1 17
2 6 1 18
15 16 1 11
19 20 1 14
25 20 1 14
23 10 1 3
25 23 1 5
13 6 1 18
25 7 1 18
14 25 1 12
24 5 0 16
0 23 0 6
11 12 0 2
19 5 0 9
25 19 0 2
16 15 0 4
21 14 0 1
21 16 0 12
8 3 0 18
2 17 0 2
14 4 0 16
18 4 0 16
6 4 0 14
21 23 0 8
19 11 0 11
0 16 0 19
1 10 0 13






19 164 14 2 9
7 9 1 14
16 17 1 10
16 4 1 19
9 16 1 8
13 18 1 17
3 6 1 5
12 2 1 13
17 15 1 8
2 13 1 1
16 12 1 14
13 1 1 4
17 14 1 16
1 8 1 11
4 17 1 8
6 8 1 19
11 12 1 12
3 2 1 10
17 16 1 7
14 0 1 3
9 16 1 15
6 7 1 15
14 2 1 1
1 3 1 16
12 8 1 1
17 11 1 7
2 4 1 15
9 5 1 15
16 3 1 4
16 17 1 8
14 4 1 1
2 8 1 16
7 3 0 4
4 5 0 16
9 14 0 20
10 9 0 3
4 8 0 4
3 17 0 9
5 12 0 18
5 9 0 2
4 1 0 1
17 0 0 8
16 4 0 11
1 8 0 12
5 15 0 14
15 6 0 4
14 7 0 16
17 11 0 9
4 13 0 5
9 18 0 2
10 1 0 5
11 15 0 6
2 12 0 1
15 10 0 4
11 16 0 9
15 9 0 8
12 1 0 1
14 18 0 13
11 0 0 6
18 7 0 5
15 14 0 20
13 6 0 19
12 5 0 3
13 1 0 1
3 9 0 2
8 5 0 13
0 14 0 12
16 6 0 7
5 15 0 1
8 14 0 13
7 10 0 4
4 1 0 19
0 14 0 4
3 8 0 3
1 11 0 5
11 16 0 5
9 16 0 16
7 14 0 3
2 16 0 17
14 5 0 19
13 9 0 6
5 13 0 10
0 11 0 9
0 14 0 3
18 12 0 15
4 5 0 13
16 11 0 17
0 18 0 6
7 18 0 12
10 13 0 14
8 4 0 14
10 6 0 17
14 6 0 8
12 4 0 13
16 3 0 2
5 8 0 7
14 2 0 1
17 0 0 7
12 7 0 12
4 18 0 20
15 4 0 12
1 15 0 14
13 7 0 18
17 0 0 18
16 13 0 16
6 0 0 10
1 14 0 2
4 9 0 1
4 2 0 9
2 3 0 13
14 0 0 19
8 17 0 17
8 11 0 16
12 9 0 17
1 3 0 9
10 7 0 12
4 5 0 14
2 10 0 7
16 11 0 20
18 13 0 1
0 8 0 10
2 13 0 13
17 3 0 14
3 15 0 16
3 17 0 11
1 5 0 1
14 10 0 16
1 9 0 11
15 6 0 1
10 5 0 13
5 2 0 12
0 5 0 7
9 3 0 5
7 3 0 7
11 7 0 17
15 5 0 11
11 16 0 10
9 17 0 3
14 11 0 16
11 18 0 3
18 4 0 2
15 4 0 2
7 10 0 8
16 17 0 19
2 6 0 4
4 2 0 19
8 10 0 8
3 16 0 15
7 8 0 8
13 16 0 6
7 16 0 1
1 12 0 14
15 16 0 5
18 12 0 11
2 11 0 7
11 16 0 8
7 5 0 1
16 6 0 15
1 11 0 10
17 5 0 8
11 12 0 12
9 11 0 9
9 8 0 3
1 5 0 17
3 7 0 17






39 24 17 5 14
13 11 1 5
25 28 0 6
15 22 0 10
34 33 0 11
13 28 0 11
9 36 0 15
22 24 0 9
29 32 0 20
5 35 0 15
22 29 0 14
22 4 0 2
2 29 0 19
19 33 0 8
15 28 0 19
34 30 0 11
15 1 0 19
37 23 0 11
23 3 0 14
0 8 0 17
17 30 0 9
4 14 0 9
30 5 0 3
7 25 0 14
33 29 0 7






14 80 6 5 16
9 4 1 19
4 1 1 6
1 6 1 6
13 6 1 3
3 9 1 3
5 0 1 14
8 11 1 2
5 1 1 16
13 10 0 5
5 1 0 13
1 8 0 18
2 10 0 3
11 9 0 3
13 7 0 2
13 10 0 7
5 2 0 9
0 8 0 10
2 13 0 14
5 10 0 14
3 2 0 1
4 3 0 5
9 5 0 18
0 1 0 11
11 0 0 14
12 11 0 7
7 2 0 5
1 0 0 7
7 0 0 14
0 5 0 12
1 9 0 16
1 11 0 6
7 6 0 7
10 7 0 18
9 2 0 12
12 13 0 7
12 6 0 1
12 7 0 12
6 0 0 12
9 12 0 10
10 11 0 17
11 12 0 2
1 6 0 2
10 0 0 15
3 7 0 19
9 6 0 16
11 2 0 20
2 1 0 16
4 5 0 20
10 1 0 7
5 10 0 4
7 8 0 9
6 10 0 1
11 4 0 17
6 7 0 17
4 0 0 17
13 10 0 11
13 10 0 8
6 1 0 14
11 9 0 9
13 1 0 1
13 6 0 1
9 13 0 11
11 8 0 5
11 0 0 13
3 4 0 17
1 3 0 13
0 2 0 13
11 6 0 8
0 4 0 2
2 3 0 3
-1 0 0 7
7 9 0 20
5 4 0 3
10 2 0 9
4 3 0 9
12 5 0 10
2 3 0 13
3 0 0 11
3 1 0 17
12 3 0 17






30 145 22 28 9
0 8 1 1
22 28 1 9
22 4 1 19
12 15 1 18
21 10 1 17
15 27 1 7
28 12 1 18
24 0 1 14
11 12 1 2
5 11 1 15
3 11 1 3
3 25 1 12
2 17 1 8
2 29 1 5
19 12 1 15
17 20 1 15
3 18 1 19
1 4 1 2
6 17 1 4
17 22 1 17
21 17 1 20
3 12 1 15
5 6 1 14
14 8 1 5
20 27 1 18
7 14 1 20
21 18 1 18
1 11 1 12
12 9 1 19
28 26 1 3
24 9 0 2
24 12 0 5
10 11 0 11
14 17 0 12
8 7 0 19
7 6 0 6
26 27 0 6
25 21 0 17
7 3 0 8
27 1 0 4
2 18 0 3
15 12 0 7
19 22 0 8
22 28 0 17
3 7 0 7
3 14 0 3
10 3 0 1
5 28 0 14
3 27 0 7
10 17 0 1
5 19 0 19
17 4 0 1
26 16 0 5
15 0 0 14
22 25 0 3
28 20 0 9
2 1 0 12
12 6 0 13
27 2 0 10
24 12 0 19
14 18 0 18
14 27 0 5
4 23 0 3
0 1 0 15
25 15 0 20
27 5 0 12
6 7 0 13
17 12 0 12
19 9 0 4
11 3 0 8
19 9 0 16
9 23 0 14
25 19 0 19
19 12 0 12
13 7 0 17
24 5 0 12
25 11 0 20
20 28 0 12
13 10 0 13
16 13 0 7
23 2 0 8
11 3 0 4
26 28 0 13
4 17 0 5
28 22 0 13
14 16 0 10
28 4 0 1
27 24 0 1
0 7 0 11
4 15 0 16
20 0 0 11
0 11 0 4
3 7 0 5
17 4 0 14
14 2 0 7
18 8 0 5
27 6 0 9
17 25 0 15
27 17 0 14
10 22 0 9
5 4 0 20
25 4 0 13
11 29 0 3
25 17 0 7
18 1 0 1
26 19 0 9
21 8 0 16
19 25 0 3
26 22 0 11
9 24 0 3
8 0 0 17
29 17 0 2
23 28 0 3
25 23 0 10
23 4 0 3
15 22 0 14
24 13 0 12
1 25 0 17
25 21 0 2
15 22 0 8
27 0 0 20
14 21 0 8
27 7 0 6
9 24 0 12
1 18 0 18
23 25 0 10
19 11 0 14
0 12 0 1
29 8 0 2
12 15 0 14
19 13 0 7
18 19 0 10
28 8 0 9
13 9 0 14
6 10 0 14
3 26 0 9
23 15 0 1
26 7 0 15
8 28 0 15
11 10 0 11
14 22 0 16
2 3 0 7
4 1 0 5
4 14 0 16
7 13 0 19






22 167 4 13 27
5 13 1 11
11 21 1 20
18 12 1 20
8 5 1 4
7 9 1 7
12 13 1 8
1 12 1 5
8 5 1 8
16 10 1 14
18 1 1 6
19 4 1 3
10 15 1 11
5 11 1 17
18 17 1 12
20 0 1 10
10 13 1 3
20 12 1 1
10 21 1 9
7 13 1 19
0 8 1 12
21 5 1 20
12 13 1 9
0 16 1 15
20 11 1 18
2 9 1 15
15 19 1 2
17 15 1 5
12 3 1 10
10 8 1 15
16 9 1 15
3 8 1 15
14 18 1 4
17 18 1 11
10 15 1 18
16 17 1 9
2 8 1 2
19 3 1 6
5 15 1 15
12 1 1 18
7 17 1 19
9 18 1 15
17 10 1 18
15 7 1 8
5 15 1 3
8 9 1 6
18 9 1 14
1 7 1 2
0 12 1 1
0 1 1 1
10 6 1 18
6 15 1 5
10 9 1 3
11 0 1 10
7 5 1 20
15 11 1 13
19 5 1 5
8 6 1 16
21 5 1 2
3 4 1 13
8 14 1 7
7 20 1 11
1 6 1 6
6 18 1 8
15 1 1 19
15 16 1 4
3 11 1 15
19 18 1 5
20 17 1 12
9 19 1 10
20 3 1 20
14 11 1 8
2 10 1 13
19 14 1 11
16 6 1 10
14 0 1 20
3 1 1 4
17 20 1 10
14 18 1 3
15 4 1 5
19 2 1 10
14 16 0 13
8 19 0 10
6 16 0 14
20 9 0 16
13 21 0 7
20 3 0 10
17 18 0 19
9 10 0 11
19 4 0 17
1 21 0 1
8 13 0 2
3 19 0 1
6 1 0 3
1 21 0 8
5 12 0 14
5 11 0 15
6 4 0 5
4 15 0 14
21 10 0 20
17 11 0 5
18 17 0 8
11 18 0 2
21 2 0 5
1 4 0 1
11 7 0 9
0 10 0 18
10 16 0 7
16 21 0 8
11 18 0 8
8 11 0 3
2 5 0 2
12 16 0 19
17 13 0 9
1 13 0 3
5 2 0 16
-1 0 0 14
3 10 0 7
11 2 0 16
10 14 0 12
19 20 0 11
15 1 0 7
7 11 0 11
15 6 0 17
1 5 0 6
12 9 0 18
7 9 0 10
13 10 0 4
11 20 0 16
7 8 0 12
19 6 0 19
20 21 0 12
5 4 0 11
4 17 0 17
16 17 0 14
19 7 0 15
0 14 0 4
1 3 0 7
12 14 0 5
3 20 0 17
7 17 0 15
7 15 0 1
10 18 0 15
-1 0 0 1
15 16 0 14
13 11 0 9
20 9 0 13
11 10 0 9
13 0 0 13
11 2 0 6
18 9 0 13
8 16 0 2
18 2 0 19
9 0 0 1
17 14 0 10
20 5 0 9
6 1 0 17
6 11 0 5
10 0 0 6
5 12 0 14
20 8 0 13
6 14 0 1
6 9 0 1
2 18 0 3
20 11 0 19
7 9 0 10
6 15 0 12
12 19 0 11






18 23 4 13 25
8 5 1 13
14 17 1 2
10 3 0 13
4 17 0 13
10 6 0 2
16 17 0 9
2 13 0 18
17 3 0 9
17 12 0 3
1 5 0 12
0 14 0 1
14 8 0 7
3 17 0 10
11 3 0 10
1 12 0 18
6 10 0 15
0 10 0 19
17 9 0 16
16 6 0 4
0 6 0 8
14 6 0 20
12 0 0 12
8 2 0 9






24 88 6 5 25
14 13 1 3
4 2 1 18
6 19 1 9
18 9 1 8
9 10 1 10
0 10 1 10
7 14 1 20
19 21 1 2
7 9 1 12
13 14 0 9
15 20 0 10
10 16 0 20
15 23 0 20
15 9 0 1
2 18 0 15
19 11 0 5
0 18 0 12
20 5 0 5
12 13 0 14
0 18 0 20
0 10 0 20
14 20 0 20
21 3 0 11
0 18 0 8
12 13 0 7
3 8 0 6
20 9 0 16
19 5 0 18
15 10 0 11
20 3 0 13
15 3 0 19
22 9 0 19
21 7 0 10
20 7 0 13
19 20 0 14
21 16 0 14
2 12 0 15
2 23 0 16
7 14 0 19
17 10 0 18
21 1 0 17
12 15 0 3
14 12 0 10
12 8 0 13
4 20 0 2
1 17 0 10
6 12 0 14
21 14 0 5
0 13 0 11
22 6 0 13
7 3 0 14
4 7 0 13
18 22 0 13
15 2 0 14
19 22 0 14
4 23 0 19
4 5 0 11
10 2 0 1
14 3 0 18
8 17 0 12
12 1 0 16
1 21 0 3
5 7 0 9
21 22 0 15
15 9 0 5
4 14 0 12
2 11 0 14
13 22 0 12
21 12 0 15
19 13 0 1
14 17 0 10
5 19 0 19
4 0 0 2
16 22 0 16
23 13 0 17
11 9 0 19
15 12 0 3
0 17 0 9
3 14 0 17
2 9 0 6
10 16 0 12
11 21 0 3
0 1 0 15
22 10 0 14
8 9 0 19
5 12 0 17
16 3 0 13
22 19 0 14






14 70 9 0 13
6 13 1 2
3 4 1 19
7 11 1 9
13 9 1 3
1 2 1 4
11 9 1 16
9 3 1 16
3 7 1 3
12 11 1 14
7 10 1 19
4 2 1 2
13 3 1 4
2 10 1 3
12 9 1 12
4 10 1 6
3 5 1 2
2 0 1 13
7 3 1 11
6 13 1 2
9 4 1 20
4 7 1 6
9 6 1 7
5 8 1 13
9 4 1 11
9 6 1 13
8 9 1 2
1 10 0 14
12 3 0 1
12 7 0 8
9 3 0 10
3 5 0 5
10 0 0 10
7 3 0 6
9 13 0 3
7 8 0 13
1 0 0 1
12 2 0 1
7 12 0 20
5 10 0 2
0 3 0 11
12 6 0 6
2 3 0 12
11 8 0 2
1 3 0 1
7 11 0 17
5 10 0 11
11 7 0 1
13 0 0 15
5 4 0 11
4 2 0 3
4 0 0 9
7 3 0 20
8 0 0 10
1 13 0 4
3 6 0 3
13 10 0 7
10 7 0 14
6 7 0 13
1 10 0 19
3 0 0 15
9 2 0 4
6 7 0 9
5 1 0 3
11 1 0 13
6 4 0 7
12 4 0 7
12 0 0 1
5 6 0 8
12 5 0 4
8 9 0 14






14 77 4 5 24
5 12 1 18
4 7 1 7
2 13 1 6
4 9 1 2
3 5 1 18
5 11 1 2
2 7 1 14
5 13 1 3
10 6 1 11
13 9 1 8
9 13 1 4
6 1 1 9
3 1 1 10
6 5 0 17
11 6 0 20
2 11 0 14
10 11 0 1
0 2 0 9
8 10 0 3
5 7 0 6
8 2 0 7
5 7 0 4
11 10 0 5
-1 0 0 1
10 11 0 17
12 13 0 15
12 10 0 20
3 9 0 1
5 1 0 9
13 6 0 9
0 12 0 9
13 3 0 8
11 12 0 20
11 12 0 14
13 8 0 11
7 6 0 20
11 2 0 3
11 3 0 4
13 8 0 5
6 7 0 10
9 8 0 12
0 5 0 20
9 1 0 8
13 12 0 19
4 11 0 7
5 3 0 13
2 0 0 14
8 11 0 5
9 8 0 8
10 2 0 3
3 11 0 9
6 9 0 12
11 3 0 8
1 2 0 12
3 4 0 6
9 7 0 5
8 10 0 3
9 4 0 5
13 12 0 9
10 8 0 5
1 9 0 13
12 13 0 20
1 9 0 7
4 10 0 5
3 11 0 16
0 6 0 13
11 12 0 9
11 7 0 6
7 5 0 6
7 1 0 18
10 2 0 11
8 0 0 16
12 13 0 17
8 1 0 13
3 4 0 10
2 3 0 19
10 1 0 11






30 293 22 15 11
2 13 1 11
28 29 1 2
9 5 1 8
7 24 1 1
5 0 1 12
18 13 1 4
7 0 1 11
17 2 1 1
18 15 1 15
10 0 1 11
27 3 1 4
7 24 1 15
18 26 1 12
25 3 1 6
27 0 1 17
20 18 1 12
24 18 1 2
16 5 1 17
28 15 1 12
23 25 1 4
13 22 1 19
8 22 1 6
1 2 1 2
23 20 1 7
0 17 1 17
16 0 1 18
7 24 1 6
21 2 1 3
29 1 1 9
0 16 1 6
15 21 1 11
26 29 1 13
1 23 1 17
2 8 1 7
20 8 1 7
16 17 1 7
23 16 1 3
10 29 1 17
3 28 1 10
3 20 1 16
28 6 1 17
0 24 1 8
24 25 1 3
21 19 1 13
29 9 1 12
24 25 1 11
13 11 1 17
25 21 1 17
23 24 1 17
23 19 1 18
9 18 1 14
7 10 1 8
27 5 1 5
9 26 1 14
22 17 1 5
5 13 1 10
5 26 1 3
13 14 1 5
21 8 1 9
28 1 1 1
25 2 1 1
20 10 1 11
9 29 1 16
23 8 1 4
18 22 1 2
22 27 1 7
13 24 1 5
16 8 1 11
10 29 1 9
20 19 1 13
20 14 1 17
0 26 1 7
21 5 1 6
8 20 1 17
14 8 1 19
7 0 1 9
13 6 1 3
29 22 1 11
0 24 1 13
0 6 1 12
2 27 1 19
29 19 1 5
27 2 1 3
25 11 1 3
23 17 1 12
21 24 1 4
9 29 1 2
22 28 1 16
4 20 1 10
16 21 1 17
10 15 1 16
10 6 1 15
14 26 1 18
8 13 1 11
1 6 1 18
24 19 1 4
9 21 1 3
1 5 1 3
6 9 1 16
28 18 1 17
4 20 1 14
29 0 1 1
5 6 1 19
22 15 1 2
4 16 1 18
11 2 1 17
26 11 1 8
10 12 1 13
23 11 1 15
10 9 1 13
18 13 1 3
11 4 1 15
3 9 1 1
21 24 1 16
22 28 1 14
29 2 1 6
18 28 1 20
5 9 1 12
20 24 1 3
14 4 1 14
18 22 1 17
12 25 1 3
6 29 1 15
6 20 1 9
14 5 1 19
7 4 1 11
25 22 1 12
24 20 0 11
27 10 0 7
12 16 0 11
5 4 0 15
4 8 0 20
6 14 0 11
10 12 0 2
0 26 0 17
19 26 0 13
1 13 0 8
12 29 0 8
24 26 0 10
0 8 0 16
10 6 0 2
26 10 0 10
8 16 0 6
18 19 0 18
11 19 0 7
9 0 0 5
12 24 0 18
21 28 0 9
28 23 0 5
29 23 0 6
24 26 0 12
7 22 0 12
6 0 0 20
10 11 0 19
20 22 0 1
26 2 0 3
12 14 0 9
11 27 0 18
9 25 0 11
4 24 0 14
21 10 0 2
22 9 0 17
25 15 0 9
14 18 0 10
15 0 0 13
27 19 0 5
0 1 0 11
0 13 0 18
27 22 0 5
17 18 0 1
22 9 0 1
16 23 0 10
2 10 0 17
10 17 0 7
0 2 0 17
12 21 0 6
18 22 0 10
8 22 0 5
17 11 0 7
21 28 0 18
11 13 0 9
3 29 0 5
12 23 0 15
20 3 0 12
8 3 0 6
26 7 0 17
12 25 0 12
13 25 0 6
27 12 0 18
25 3 0 8
12 14 0 3
23 9 0 4
27 21 0 7
11 3 0 1
5 11 0 6
0 8 0 16
9 12 0 13
2 17 0 9
17 14 0 3
6 9 0 9
16 14 0 5
8 7 0 5
22 4 0 8
20 7 0 12
22 12 0 5
28 5 0 5
25 6 0 9
17 8 0 6
27 17 0 12
12 16 0 14
0 2 0 8
24 2 0 7
28 16 0 3
16 7 0 10
7 29 0 5
23 19 0 12
18 14 0 8
16 24 0 16
24 13 0 5
15 25 0 1
8 25 0 15
15 20 0 18
13 18 0 4
15 4 0 13
17 3 0 5
23 19 0 4
4 7 0 11
21 15 0 17
8 9 0 10
4 25 0 6
25 3 0 11
9 11 0 3
18 16 0 2
14 2 0 18
16 11 0 4
10 4 0 3
16 0 0 12
6 21 0 7
12 21 0 7
1 25 0 14
8 12 0 9
19 14 0 12
3 2 0 9
14 16 0 13
14 3 0 14
9 5 0 20
1 21 0 10
14 19 0 3
20 1 0 14
28 25 0 11
1 3 0 4
22 14 0 18
23 18 0 2
11 24 0 9
23 0 0 14
8 1 0 1
19 2 0 3
8 16 0 4
2 29 0 18
17 27 0 13
28 21 0 18
12 13 0 5
12 28 0 15
13 2 0 1
23 17 0 14
6 26 0 15
9 7 0 20
3 8 0 18
16 10 0 17
23 20 0 7
17 18 0 8
7 23 0 13
11 5 0 13
17 10 0 5
9 4 0 13
1 2 0 1
27 11 0 8
16 6 0 16
13 23 0 19
2 8 0 9
18 26 0 9
17 3 0 2
21 6 0 9
23 15 0 11
28 24 0 17
12 27 0 20
22 16 0 3
1 24 0 10
27 29 0 15
25 1 0 3
5 19 0 11
3 28 0 4
24 19 0 2






14 6 2 0 13
13 7 0 13
12 1 0 9
0 2 0 15
7 5 0 4
3 10 0 6
0 7 0 17






16 2 5 8 8
13 4 0 10
12 11 0 15






19 25 16 17 16
16 15 1 18
16 17 1 9
2 5 1 16
13 5 1 9
14 17 1 14
14 10 1 6
4 6 1 3
1 5 0 6
0 15 0 12
17 13 0 12
16 7 0 8
10 1 0 14
7 4 0 4
12 14 0 11
12 9 0 15
9 1 0 3
9 6 0 17
1 7 0 14
12 4 0 3
11 2 0 2
17 16 0 13
16 7 0 20
14 11 0 8
14 4 0 2
0 14 0 9






11 31 2 7 11
8 10 1 7
10 3 1 3
1 2 0 7
6 7 0 20
4 5 0 3
6 7 0 14
4 3 0 10
7 10 0 1
5 6 0 12
5 3 0 15
7 0 0 10
9 8 0 20
9 7 0 6
0 3 0 13
5 8 0 6
3 2 0 14
6 7 0 16
9 1 0 19
10 4 0 12
5 9 0 11
8 5 0 4
9 1 0 11
3 9 0 8
8 9 0 15
9 2 0 4
3 5 0 16
3 10 0 1
5 6 0 20
6 5 0 3
2 8 0 19
0 6 0 17






29 276 1 16 11
27 26 1 9
22 20 1 1
16 22 1 2
25 4 1 9
22 4 1 15
26 0 1 18
0 21 1 11
2 17 1 2
27 15 1 20
20 23 1 3
11 22 1 2
25 7 1 16
21 23 1 3
13 11 1 8
23 25 1 8
18 23 1 19
1 15 1 6
3 17 1 19
26 7 1 1
2 28 1 15
22 2 1 19
10 19 1 15
18 3 1 20
11 16 1 7
0 2 1 14
23 20 1 7
10 14 1 8
9 17 1 9
26 6 1 16
28 9 1 3
17 2 1 4
28 12 1 3
18 22 1 16
23 25 1 8
2 25 1 7
7 12 1 20
27 14 1 3
5 23 1 11
21 20 1 13
23 12 1 1
17 0 1 1
4 0 1 10
11 18 1 19
11 12 1 18
1 6 1 19
12 14 0 16
7 4 0 4
24 1 0 4
13 22 0 8
17 9 0 7
0 26 0 7
7 22 0 3
17 25 0 13
13 9 0 4
12 10 0 15
21 14 0 10
21 22 0 3
19 17 0 7
20 2 0 4
4 11 0 15
0 3 0 2
25 2 0 1
22 12 0 1
28 25 0 11
10 8 0 10
19 22 0 5
13 14 0 6
3 26 0 7
24 17 0 19
2 21 0 14
17 21 0 5
22 17 0 3
20 2 0 7
14 23 0 7
10 25 0 13
14 15 0 2
6 20 0 1
19 23 0 14
5 19 0 4
21 13 0 2
12 1 0 2
14 15 0 15
2 6 0 2
11 13 0 5
15 23 0 11
20 9 0 10
18 8 0 15
15 19 0 1
16 24 0 1
27 17 0 11
0 21 0 9
16 27 0 18
12 0 0 8
10 11 0 9
24 27 0 3
4 10 0 12
20 21 0 7
28 7 0 5
1 23 0 6
14 21 0 15
3 22 0 18
15 1 0 11
21 13 0 16
25 23 0 1
6 10 0 3
17 7 0 2
22 28 0 12
14 19 0 5
18 21 0 11
17 27 0 8
25 23 0 7
17 9 0 1
15 22 0 16
5 10 0 6
7 16 0 6
7 26 0 16
10 19 0 9
4 26 0 20
6 15 0 20
23 24 0 9
3 12 0 10
19 0 0 19
14 7 0 9
15 12 0 4
2 12 0 15
28 11 0 14
25 21 0 16
20 18 0 14
27 16 0 17
26 10 0 10
8 5 0 7
12 24 0 13
18 2 0 14
16 17 0 13
17 11 0 3
6 2 0 18
12 27 0 10
1 11 0 12
24 9 0 12
17 28 0 16
26 28 0 8
18 11 0 1
2 0 0 17
22 9 0 15
18 26 0 20
25 24 0 10
15 0 0 11
11 1 0 1
3 18 0 11
4 6 0 3
6 4 0 14
6 14 0 5
2 17 0 16
20 10 0 14
27 28 0 6
7 17 0 16
27 24 0 20
1 6 0 5
22 2 0 13
16 27 0 12
9 4 0 14
22 3 0 13
10 5 0 6
27 25 0 2
24 15 0 16
2 23 0 20
5 13 0 15
8 14 0 5
13 8 0 7
6 16 0 12
27 18 0 8
23 11 0 1
26 21 0 12
16 11 0 1
9 27 0 12
2 1 0 7
3 6 0 3
0 7 0 16
4 20 0 13
1 18 0 16
26 17 0 20
26 3 0 10
-1 0 0 9
0 9 0 14
17 18 0 8
21 12 0 10
11 16 0 15
15 16 0 13
4 12 0 1
22 14 0 19
19 3 0 11
14 0 0 2
4 21 0 15
15 13 0 17
1 22 0 9
23 15 0 5
0 26 0 10
5 4 0 14
25 8 0 16
20 22 0 12
12 13 0 5
14 19 0 14
19 23 0 7
25 1 0 19
23 3 0 15
11 18 0 1
12 18 0 19
20 24 0 13
8 12 0 8
9 4 0 6
7 9 0 5
17 15 0 5
18 6 0 15
4 23 0 3
2 17 0 15
23 0 0 10
22 12 0 18
19 24 0 16
12 25 0 16
5 26 0 19
21 4 0 3
20 21 0 3
24 3 0 11
21 7 0 10
20 1 0 8
21 25 0 14
4 18 0 4
13 0 0 8
1 12 0 18
1 18 0 2
27 10 0 11
23 24 0 3
8 19 0 10
27 12 0 7
11 24 0 8
13 16 0 8
6 20 0 15
12 25 0 10
26 18 0 19
15 12 0 8
1 10 0 2
12 26 0 2
8 6 0 20
7 4 0 9
5 8 0 12
5 21 0 15
0 19 0 9
6 2 0 1
13 28 0 8
3 6 0 8
3 28 0 16
5 4 0 6
24 12 0 5
4 20 0 19
16 17 0 12
17 22 0 16
4 15 0 20
25 13 0 9
14 26 0 8
13 21 0 8
24 16 0 16
8 22 0 8
10 9 0 18
19 13 0 2
24 22 0 18
8 10 0 19
5 6 0 11
21 3 0 8
11 9 0 5
14 22 0 6
23 9 0 12
23 9 0 15
28 19 0 17
16 1 0 9
8 25 0 19
24 25 0 6






15 42 4 2 12
4 5 1 20
14 11 1 17
1 4 1 4
12 13 1 20
6 13 1 7
12 3 1 4
12 6 1 7
5 8 1 9
12 6 1 19
2 8 1 15
11 5 1 17
1 11 1 14
14 13 1 15
5 10 1 13
8 9 1 3
7 13 1 18
1 11 1 19
7 1 1 20
12 6 1 18
12 8 1 11
1 11 0 4
3 12 0 15
8 4 0 15
2 9 0 3
2 3 0 12
14 11 0 10
7 12 0 18
12 11 0 2
11 0 0 18
8 13 0 18
6 14 0 19
8 9 0 14
0 2 0 18
4 5 0 7
12 7 0 12
13 6 0 8
4 13 0 2
7 11 0 20
10 14 0 11
12 0 0 4
14 13 0 5
12 7 0 20






10 35 1 9 12
5 6 1 19
7 1 1 13
5 6 1 3
-1 0 1 1
9 7 1 6
1 9 1 18
6 8 1 16
1 7 1 15
-1 0 0 9
3 9 0 6
0 5 0 2
0 4 0 6
4 2 0 14
7 2 0 16
7 4 0 13
4 7 0 2
3 4 0 12
0 5 0 9
4 7 0 19
5 0 0 19
1 2 0 6
3 5 0 12
0 9 0 4
3 8 0 9
7 8 0 5
0 2 0 2
1 6 0 8
2 6 0 3
2 3 0 2
3 0 0 5
3 2 0 19
0 7 0 4
1 8 0 16
7 1 0 16
7 2 0 14






11 49 0 7 14
8 4 1 13
10 0 1 16
4 10 1 8
5 4 1 10
1 2 1 20
5 10 1 10
4 2 0 13
0 1 0 5
8 10 0 18
6 7 0 4
6 2 0 14
5 10 0 10
7 3 0 9
8 6 0 13
7 6 0 8
10 9 0 17
3 0 0 2
3 1 0 5
3 9 0 20
3 2 0 2
8 6 0 18
8 1 0 3
5 8 0 5
1 3 0 6
2 10 0 19
0 9 0 4
9 10 0 4
10 1 0 6
10 4 0 17
9 5 0 1
3 2 0 6
9 8 0 3
0 3 0 20
8 4 0 4
7 4 0 10
1 5 0 11
4 1 0 14
7 0 0 18
0 10 0 16
1 7 0 1
3 10 0 12
2 6 0 6
0 7 0 5
4 2 0 17
0 9 0 5
7 10 0 6
0 3 0 20
3 10 0 7
3 8 0 13






30 65 27 12 8
23 3 1 8
20 0 1 13
27 26 1 9
13 27 1 1
27 18 1 11
5 1 1 18
6 19 1 9
4 14 0 18
25 26 0 4
15 8 0 4
2 23 0 19
20 13 0 19
12 10 0 7
13 15 0 14
23 13 0 14
6 10 0 5
23 16 0 16
22 20 0 20
11 9 0 8
23 24 0 16
9 19 0 11
19 9 0 15
29 13 0 7
5 26 0 13
8 12 0 8
22 18 0 18
28 3 0 6
24 17 0 18
25 28 0 7
15 14 0 4
12 15 0 13
3 26 0 14
29 25 0 7
5 0 0 6
19 1 0 10
8 15 0 18
7 13 0 3
22 29 0 11
12 17 0 9
10 2 0 6
25 14 0 3
7 17 0 20
12 8 0 17
1 14 0 18
16 25 0 11
5 4 0 6
4 3 0 11
6 18 0 3
26 0 0 12
7 10 0 14
24 6 0 20
18 5 0 10
17 10 0 8
26 11 0 14
5 19 0 20
15 16 0 16
2 12 0 19
2 10 0 19
16 29 0 9
17 6 0 12
20 22 0 10
22 10 0 7
11 20 0 17
0 16 0 10
4 21 0 19






35 311 34 27 18
12 17 1 10
6 4 1 9
0 1 1 7
7 14 1 9
16 18 1 1
10 26 1 11
6 16 1 19
31 7 1 2
31 34 1 10
8 3 1 20
31 28 1 15
10 34 1 16
3 0 1 14
19 20 1 15
4 13 1 18
10 23 1 16
17 7 1 5
28 15 1 17
29 11 1 9
26 19 1 14
7 28 1 12
18 3 1 13
10 19 1 6
4 3 1 1
0 20 1 11
15 30 1 20
20 24 1 7
31 29 1 2
3 1 1 15
33 27 1 20
31 11 1 8
0 7 1 8
2 17 1 17
17 33 1 13
29 34 1 3
20 26 1 20
34 23 1 6
32 20 1 1
33 0 1 17
34 33 1 16
8 6 1 17
22 18 1 19
17 21 1 9
18 3 1 7
0 33 1 13
14 18 1 4
23 29 1 8
34 26 1 20
4 1 1 5
22 0 1 15
32 21 1 3
30 20 1 2
24 2 1 3
12 33 1 3
10 33 1 3
8 13 1 13
31 13 1 12
20 24 1 10
29 28 1 8
3 27 1 9
34 24 1 7
2 20 1 9
23 21 1 12
30 10 1 15
17 20 1 10
15 5 1 20
7 2 1 4
6 34 1 18
30 29 1 4
10 9 1 16
25 9 1 3
26 11 1 8
24 34 1 6
2 6 1 13
1 0 1 3
23 27 1 14
22 12 1 8
12 18 1 12
27 25 1 18
-1 0 1 10
12 25 1 9
14 28 1 2
13 30 1 18
33 32 1 19
5 11 1 19
10 34 1 14
20 33 1 11
32 11 1 14
20 3 1 16
14 15 1 14
19 27 1 14
9 19 0 20
22 32 0 15
34 8 0 2
29 13 0 20
24 0 0 6
12 20 0 20
12 29 0 8
7 27 0 8
28 19 0 15
26 15 0 12
26 24 0 18
20 11 0 16
9 22 0 14
8 16 0 4
17 5 0 2
15 30 0 19
34 7 0 4
18 15 0 3
17 20 0 2
31 11 0 2
13 14 0 3
17 0 0 6
29 21 0 8
14 29 0 11
12 24 0 13
0 4 0 8
9 15 0 6
24 10 0 3
31 27 0 3
34 23 0 11
17 2 0 20
24 31 0 10
19 25 0 7
13 4 0 3
0 29 0 7
27 29 0 8
15 3 0 13
22 27 0 13
9 0 0 7
16 34 0 5
11 16 0 15
32 17 0 1
7 13 0 4
15 26 0 3
17 26 0 7
21 31 0 9
28 11 0 2
28 33 0 7
2 7 0 12
4 0 0 4
28 23 0 10
9 20 0 18
22 4 0 11
25 19 0 10
32 14 0 3
11 0 0 4
19 5 0 12
7 33 0 12
23 1 0 14
17 5 0 16
9 10 0 4
31 20 0 2
0 7 0 6
18 9 0 8
4 6 0 9
16 29 0 4
2 13 0 4
10 21 0 15
17 21 0 16
7 3 0 6
33 25 0 1
23 22 0 8
11 34 0 7
4 17 0 1
16 21 0 5
31 15 0 4
34 29 0 20
19 4 0 1
3 21 0 9
23 29 0 5
25 4 0 10
3 4 0 19
12 16 0 1
29 20 0 13
31 13 0 2
5 9 0 9
21 20 0 10
15 16 0 4
7 20 0 8
19 20 0 14
14 23 0 18
11 26 0 7
6 3 0 3
1 9 0 15
26 6 0 18
2 23 0 4
17 21 0 4
26 1 0 6
16 20 0 3
28 6 0 10
11 32 0 13
10 20 0 16
2 27 0 7
21 28 0 11
3 19 0 14
20 33 0 20
1 27 0 11
24 18 0 20
6 0 0 5
20 5 0 8
32 17 0 1
19 27 0 8
22 6 0 17
28 5 0 16
20 8 0 12
31 5 0 8
7 6 0 2
27 8 0 1
3 26 0 3
23 12 0 15
25 9 0 19
2 5 0 4
12 4 0 15
13 32 0 20
20 30 0 13
24 3 0 4
3 10 0 7
9 14 0 15
11 18 0 17
25 18 0 6
10 20 0 20
22 23 0 7
6 12 0 12
8 25 0 11
2 11 0 16
17 0 0 16
2 3 0 6
28 12 0 13
28 1 0 11
31 26 0 1
11 1 0 6
0 2 0 11
18 8 0 3
29 16 0 19
15 31 0 17
7 25 0 17
3 27 0 2
20 32 0 1
17 2 0 7
9 33 0 14
31 9 0 7
27 21 0 14
22 5 0 10
7 11 0 8
5 3 0 1
3 11 0 1
1 26 0 15
2 23 0 18
4 18 0 7
8 27 0 16
3 24 0 20
34 28 0 4
10 27 0 9
6 34 0 2
18 16 0 11
16 19 0 14
26 20 0 7
18 34 0 15
7 4 0 3
33 24 0 13
23 27 0 4
0 26 0 2
33 13 0 1
13 19 0 13
4 15 0 14
11 31 0 6
29 34 0 3
15 17 0 20
2 1 0 16
29 0 0 10
3 0 0 7
1 0 0 5
4 10 0 19
-1 0 0 8
7 5 0 5
7 16 0 18
4 23 0 8
34 3 0 12
28 17 0 9
3 12 0 16
2 15 0 16
28 29 0 2
22 33 0 19
7 10 0 5
12 29 0 12
31 2 0 10
24 18 0 13
28 17 0 19
14 22 0 1
14 25 0 15
14 4 0 13
15 9 0 17
28 9 0 12
15 16 0 8
17 28 0 7
23 2 0 16
0 3 0 20
22 31 0 4
2 22 0 17
0 2 0 4
9 16 0 4
23 8 0 13
19 1 0 17
3 30 0 6
20 24 0 6
8 25 0 3
34 25 0 6
20 24 0 14
0 27 0 7
3 27 0 16






27 119 11 0 25
20 2 1 11
9 7 1 13
15 9 1 18
21 3 1 20
25 9 1 5
25 13 1 9
4 25 1 11
25 19 1 15
17 25 1 16
17 14 1 13
23 7 1 18
18 5 1 20
17 9 1 8
8 4 1 2
3 18 1 5
9 16 1 20
1 9 1 3
10 7 1 9
0 13 1 2
26 4 0 17
13 16 0 6
2 23 0 11
15 3 0 7
11 0 0 5
9 4 0 15
17 13 0 11
26 3 0 5
7 14 0 9
23 3 0 16
10 18 0 19
0 4 0 1
9 22 0 19
12 11 0 19
24 22 0 10
3 4 0 10
15 10 0 3
17 26 0 11
2 6 0 11
10 19 0 14
20 18 0 11
24 19 0 18
6 17 0 20
11 18 0 1
20 15 0 16
2 7 0 11
4 23 0 9
19 13 0 11
0 4 0 11
11 3 0 16
14 13 0 15
19 26 0 9
17 5 0 11
0 16 0 7
20 25 0 20
25 0 0 5
23 4 0 2
4 13 0 9
12 2 0 1
15 14 0 16
26 1 0 12
17 10 0 16
1 16 0 12
17 16 0 18
25 26 0 6
10 13 0 15
18 9 0 20
23 13 0 10
19 25 0 7
19 2 0 14
12 17 0 4
18 24 0 6
23 25 0 1
11 4 0 18
16 18 0 16
19 1 0 15
11 9 0 17
8 21 0 6
18 13 0 18
20 21 0 1
8 7 0 20
3 25 0 12
8 11 0 6
3 22 0 4
3 0 0 2
18 19 0 9
19 20 0 11
2 1 0 13
14 9 0 19
25 18 0 6
1 26 0 4
10 19 0 8
16 0 0 14
20 3 0 1
17 22 0 9
22 2 0 5
2 21 0 2
6 12 0 11
5 0 0 2
5 14 0 1
0 4 0 14
18 14 0 3
8 3 0 5
24 12 0 14
25 19 0 5
11 14 0 15
21 5 0 20
24 12 0 6
1 6 0 1
20 11 0 2
13 1 0 19
11 19 0 13
12 0 0 17
3 14 0 14
24 12 0 1
2 12 0 11
26 6 0 19
18 3 0 1
11 21 0 17
20 14 0 18






26 17 5 4 9
21 9 1 17
11 14 0 5
18 22 0 18
15 13 0 10
3 5 0 15
17 7 0 16
22 14 0 14
4 1 0 19
11 20 0 7
18 24 0 8
22 21 0 8
7 8 0 10
10 3 0 1
17 18 0 4
20 23 0 5
25 16 0 1
12 14 0 11






25 189 11 10 8
16 8 1 11
24 16 1 3
23 24 1 1
17 21 0 20
2 10 0 4
2 21 0 3
22 23 0 16
4 17 0 14
16 14 0 15
4 24 0 8
24 17 0 11
17 18 0 14
14 16 0 5
14 9 0 16
6 13 0 8
19 18 0 19
9 17 0 19
19 21 0 11
24 12 0 20
6 17 0 16
17 18 0 14
15 12 0 4
5 1 0 11
19 18 0 7
6 1 0 12
3 20 0 2
24 4 0 9
17 0 0 5
5 2 0 5
4 8 0 4
7 3 0 4
2 18 0 17
15 0 0 15
22 19 0 20
15 2 0 11
24 5 0 4
0 4 0 8
19 24 0 16
10 4 0 8
16 10 0 3
14 17 0 16
8 21 0 1
16 12 0 11
0 11 0 2
5 2 0 9
10 3 0 11
13 3 0 16
23 24 0 5
9 10 0 1
22 1 0 11
19 18 0 16
21 1 0 7
16 19 0 1
13 19 0 8
6 1 0 17
24 14 0 20
1 4 0 10
8 2 0 5
11 12 0 20
24 11 0 3
20 7 0 6
12 3 0 4
23 19 0 13
24 9 0 20
13 15 0 11
6 16 0 10
2 18 0 20
0 1 0 19
2 16 0 4
11 15 0 20
1 12 0 15
6 24 0 18
17 23 0 15
19 24 0 14
18 14 0 10
21 20 0 13
12 24 0 11
6 0 0 3
7 3 0 4
20 16 0 6
21 19 0 9
5 1 0 18
19 20 0 13
4 14 0 14
24 10 0 8
8 6 0 15
11 20 0 14
8 2 0 7
5 11 0 17
20 8 0 15
3 4 0 5
21 12 0 3
15 7 0 13
10 13 0 19
5 12 0 9
15 23 0 17
21 11 0 13
2 19 0 7
8 2 0 10
21 24 0 13
1 2 0 7
1 0 0 11
5 18 0 10
2 5 0 18
18 10 0 13
16 2 0 11
0 24 0 9
4 1 0 5
12 11 0 14
6 7 0 19
8 9 0 8
16 13 0 11
14 20 0 16
18 23 0 16
13 16 0 8
20 9 0 1
2 11 0 20
22 17 0 11
11 4 0 12
5 12 0 11
0 20 0 2
22 14 0 2
24 3 0 13
19 23 0 6
19 11 0 4
9 8 0 15
24 12 0 9
15 9 0 16
5 21 0 8
8 3 0 20
18 3 0 18
14 2 0 7
1 2 0 2
10 21 0 20
15 18 0 12
15 2 0 12
1 3 0 20
24 18 0 14
15 0 0 12
12 8 0 15
23 3 0 13
5 17 0 6
3 20 0 15
4 5 0 11
4 22 0 14
17 14 0 3
13 16 0 6
22 17 0 14
18 9 0 9
9 23 0 14
4 22 0 7
3 2 0 2
5 8 0 7
9 12 0 20
10 18 0 4
5 10 0 16
3 24 0 9
5 23 0 11
24 16 0 11
19 1 0 14
23 7 0 1
4 12 0 1
5 18 0 19
4 2 0 8
10 14 0 17
15 20 0 7
10 0 0 3
23 5 0 4
5 6 0 10
21 1 0 18
11 1 0 2
22 5 0 15
14 13 0 13
14 19 0 2
1 4 0 2
7 19 0 9
1 7 0 14
18 7 0 6
11 13 0 8
23 9 0 11
12 21 0 17
9 20 0 4
18 11 0 14
22 0 0 13
2 3 0 12
1 11 0 19
19 12 0 16
14 7 0 3
15 21 0 4






29 330 21 27 26
12 17 1 8
20 9 1 6
0 15 1 3
13 3 1 7
25 15 1 13
0 20 1 12
21 27 1 6
4 7 1 7
25 6 1 8
18 4 1 7
5 8 1 16
11 0 1 19
26 21 1 10
21 5 1 20
22 1 1 14
6 22 1 7
3 14 1 16
7 11 1 16
25 7 1 4
28 17 1 16
2 23 1 14
7 5 1 7
0 23 1 16
21 7 1 6
17 21 1 7
20 19 1 11
21 22 0 11
6 22 0 3
6 10 0 10
5 9 0 17
8 4 0 8
10 11 0 10
7 3 0 9
23 16 0 10
8 4 0 17
23 24 0 4
17 9 0 16
24 16 0 5
14 22 0 14
3 19 0 6
9 27 0 12
10 2 0 19
7 1 0 5
20 24 0 20
12 4 0 14
17 20 0 6
12 8 0 8
1 3 0 1
4 9 0 8
17 12 0 3
3 22 0 15
0 24 0 8
22 23 0 9
17 15 0 5
0 19 0 14
9 28 0 6
5 11 0 7
18 13 0 12
3 9 0 10
10 27 0 16
7 1 0 13
16 22 0 5
27 7 0 17
10 17 0 2
18 9 0 17
21 18 0 2
16 23 0 13
10 5 0 20
0 8 0 15
8 10 0 16
20 17 0 4
17 26 0 11
9 24 0 6
16 6 0 3
10 24 0 13
22 8 0 8
26 16 0 19
12 19 0 12
3 19 0 8
3 27 0 14
23 10 0 4
6 19 0 13
4 20 0 8
10 8 0 8
3 18 0 6
6 3 0 7
20 0 0 2
20 4 0 4
17 7 0 16
22 3 0 1
0 26 0 12
23 24 0 3
9 0 0 8
18 2 0 5
4 5 0 15
6 4 0 7
8 24 0 13
27 7 0 15
7 24 0 14
28 17 0 14
18 17 0 14
10 4 0 10
14 5 0 11
18 23 0 3
0 27 0 8
22 25 0 11
18 5 0 11
14 3 0 6
7 3 0 19
0 23 0 9
24 12 0 9
17 14 0 3
18 0 0 6
19 10 0 7
22 2 0 3
1 24 0 9
6 5 0 14
5 12 0 7
4 19 0 12
5 19 0 8
8 15 0 15
27 24 0 5
22 5 0 19
15 24 0 5
2 17 0 19
8 10 0 9
11 8 0 19
19 14 0 15
23 10 0 3
21 15 0 15
22 15 0 18
18 14 0 17
21 28 0 1
24 14 0 20
0 8 0 8
8 17 0 13
11 28 0 4
11 19 0 13
24 5 0 9
27 26 0 11
4 11 0 18
26 1 0 16
5 14 0 11
19 10 0 19
19 2 0 8
0 10 0 3
20 13 0 20
19 25 0 17
25 12 0 8
11 10 0 17
5 6 0 2
15 3 0 11
9 1 0 8
24 12 0 2
25 2 0 17
26 23 0 17
15 14 0 16
24 26 0 18
16 22 0 17
20 25 0 7
14 2 0 3
20 9 0 1
17 18 0 11
2 6 0 13
17 2 0 19
6 20 0 7
5 6 0 7
17 22 0 17
18 9 0 6
21 22 0 10
8 7 0 8
0 19 0 17
24 1 0 5
13 3 0 1
13 21 0 16
8 27 0 17
27 3 0 18
23 12 0 18
16 22 0 19
23 16 0 15
26 24 0 6
16 24 0 15
22 11 0 7
10 16 0 5
25 22 0 7
13 1 0 17
13 20 0 15
11 14 0 17
3 22 0 7
4 16 0 7
27 6 0 11
12 22 0 1
17 15 0 10
23 18 0 7
4 6 0 10
26 20 0 9
10 25 0 17
25 0 0 14
8 3 0 6
14 7 0 12
6 26 0 20
7 9 0 6
2 27 0 10
1 21 0 17
16 17 0 7
17 7 0 6
19 17 0 10
13 5 0 1
13 14 0 8
6 20 0 5
8 26 0 2
16 25 0 1
17 28 0 11
18 0 0 6
7 9 0 4
3 19 0 18
11 9 0 9
8 14 0 19
4 19 0 9
4 18 0 5
2 26 0 6
27 14 0 1
24 23 0 12
11 12 0 20
11 12 0 10
0 15 0 13
25 19 0 9
1 19 0 1
4 15 0 20
20 19 0 18
20 14 0 18
17 4 0 12
2 20 0 13
16 2 0 13
1 5 0 18
16 6 0 6
14 23 0 1
21 17 0 13
5 13 0 6
9 4 0 9
23 16 0 17
14 25 0 20
2 28 0 2
22 15 0 5
10 8 0 14
9 16 0 5
24 1 0 3
13 22 0 19
21 20 0 20
24 21 0 6
1 16 0 3
21 22 0 6
8 24 0 9
15 10 0 11
24 12 0 15
1 21 0 11
6 17 0 2
5 22 0 6
21 15 0 14
13 10 0 17
9 3 0 5
14 16 0 15
16 24 0 7
16 10 0 8
24 26 0 19
10 27 0 9
13 25 0 16
18 1 0 20
8 22 0 4
10 6 0 6
4 8 0 14
15 22 0 8
10 9 0 3
22 18 0 16
7 13 0 19
12 23 0 9
2 0 0 12
8 18 0 20
0 26 0 5
15 28 0 4
24 3 0 4
7 18 0 19
6 21 0 17
21 6 0 8
17 14 0 2
10 26 0 6
15 20 0 1
24 21 0 9
26 21 0 7
22 0 0 8
17 24 0 20
19 24 0 1
7 22 0 12
26 15 0 15
4 3 0 14
9 6 0 11
8 21 0 13
7 16 0 9
24 13 0 10
22 28 0 6
27 16 0 6
26 27 0 16
17 6 0 11
20 24 0 4
1 20 0 10
16 0 0 12
0 8 0 14
26 15 0 11
14 2 0 3
24 16 0 13
26 14 0 5
16 5 0 6
0 14 0 11
28 6 0 4
21 28 0 9
10 7 0 10
4 0 0 2
20 26 0 11
6 11 0 3
6 28 0 10
5 17 0 13
12 4 0 10
18 26 0 13
21 25 0 6
20 10 0 3
2 20 0 10
13 16 0 4
25 28 0 10
16 6 0 20
1 12 0 4






-1 -1
 26 0 15
4 6 0 13
17 18 0 12
25 15 0 7
16 12 0 17
7 16 0 18
11 4 0 3
4 2 0 9
18 4 0 1
11 6 0 14
16 14 0 14
20 7 0 20
19 25 0 7
10 12 0 9
11 17 0 6
10 25 0 14
17 25 0 10
14 19 0 11
25 10 0 11
12 11 0 16
20 0 0 10
0 10 0 17
2 18 0 9
23 2 0 6
5 2 0 11
5 1 0 19
4 18 0 3
24 21 0 12
19 20 0 11
20 21 0 1
26 14 0 12
8 14 0 19
13 5 0 2
17 2 0 15
5 7 0 4
0 12 0 11
20 6 0 7
1 3 0 8
0 12 0 13
10 5 0 7
19 20 0 19
4 17 0 18
2 4 0 3
3 21 0 1
11 15 0 12
22 16 0 20
7 9 0 12
26 10 0 17
13 0 0 16
9 10 0 1
26 4 0 9
19 24 0 11
15 26 0 10
17 19 0 19
20 3 0 11
20 25 0 9
22 5 0 3
2 5 0 14
2 7 0 7
15 17 0 12
22 5 0 12
11 25 0 19
18 2 0 19
2 19 0 10
23 2 0 2
21 22 0 13
20 17 0 11
17 9 0 5
14 11 0 10
10 15 0 3
6 10 0 18
22 11 0 16
8 2 0 14
10 21 0 20
3 6 0 5
16 1 0 8
1 22 0 6
18 1 0 17
18 4 0 17
9 4 0 7
23 10 0 13
26 22 0 17
5 3 0 9
24 13 0 9
14 6 0 7
6 22 0 11
10 23 0 12
4 3 0 20
23 21 0 2
26 20 0 15
18 16 0 6
10 4 0 15
12 9 0 4
6 22 0 6
21 10 0 20
16 5 0 19
1 4 0 6
8 24 0 1
16 20 0 10
18 9 0 4
24 0 0 13
3 26 0 18
3 1 0 6
22 23 0 19
3 18 0 19
15 23 0 10
12 24 0 1
6 5 0 7
19 10 0 18
15 18 0 9
5 4 0 18
26 23 0 19
9 0 0 15
5 23 0 18
8 15 0 9
26 4 0 14
23 5 0 11
24 11 0 15
11 19 0 6
19 8 0 4
25 13 0 15
5 12 0 18






34 221 1 16 12
19 11 1 2
0 24 1 16
30 11 1 19
31 12 1 14
30 16 1 15
11 21 1 6
33 24 1 4
5 33 1 12
14 4 1 18
30 5 1 10
0 32 1 20
22 6 1 10
19 10 0 13
25 16 0 7
4 20 0 8
6 31 0 13
33 31 0 14
7 10 0 1
4 24 0 5
20 21 0 6
25 21 0 8
16 17 0 7
31 10 0 13
6 9 0 19
26 13 0 5
3 28 0 13
2 27 0 18
25 8 0 10
21 13 0 15
29 33 0 12
8 32 0 19
27 23 0 11
27 28 0 1
30 0 0 13
22 1 0 18
1 4 0 4
11 6 0 16
26 5 0 8
9 0 0 5
33 29 0 16
10 11 0 11
17 13 0 8
15 6 0 8
31 2 0 17
23 33 0 20
29 0 0 16
2 19 0 3
19 11 0 20
3 20 0 13
33 28 0 12
3 12 0 4
13 29 0 19
20 18 0 15
21 24 0 14
23 13 0 5
0 16 0 17
16 27 0 2
4 12 0 9
5 15 0 19
7 15 0 7
13 26 0 16
4 13 0 3
8 33 0 20
18 20 0 6
5 10 0 17
25 18 0 20
27 0 0 1
6 12 0 11
30 18 0 3
15 33 0 8
1 20 0 2
0 32 0 7
29 6 0 2
24 33 0 2
9 4 0 8
7 4 0 19
30 31 0 1
20 12 0 2
15 16 0 8
7 5 0 11
14 7 0 8
21 7 0 20
7 10 0 15
26 8 0 2
31 17 0 10
21 33 0 4
2 3 0 4
19 24 0 10
14 13 0 18
1 20 0 20
30 8 0 1
19 29 0 20
6 2 0 1
8 28 0 13
9 33 0 11
23 20 0 6
14 31 0 5
11 17 0 13
20 31 0 8
12 7 0 16
17 3 0 12
29 22 0 9
22 2 0 17
0 11 0 13
21 20 0 3
33 17 0 13
10 6 0 3
32 17 0 16
11 4 0 1
10 24 0 6
4 15 0 5
31 10 0 5
28 32 0 6
26 7 0 13
27 28 0 19
26 27 0 15
21 11 0 3
5 9 0 18
22 28 0 2
3 5 0 12
32 9 0 19
31 14 0 11
33 8 0 4
30 9 0 17
12 10 0 3
23 3 0 16
25 24 0 9
25 4 0 18
16 26 0 9
20 3 0 20
21 10 0 7
4 15 0 1
4 14 0 16
3 19 0 7
17 5 0 7
25 2 0 2
26 27 0 12
12 26 0 16
8 17 0 17
32 3 0 6
27 32 0 10
13 2 0 5
5 15 0 16
22 26 0 11
14 10 0 10
24 9 0 17
3 10 0 16
15 22 0 19
4 30 0 6
20 28 0 11
14 29 0 5
17 8 0 20
10 22 0 5
17 18 0 15
9 7 0 19
14 31 0 19
22 9 0 1
24 32 0 5
18 2 0 18
3 23 0 2
25 11 0 18
11 2 0 10
8 12 0 20
28 29 0 19
33 4 0 8
21 19 0 5
27 7 0 16
1 5 0 20
6 31 0 17
15 0 0 10
26 25 0 5
33 11 0 3
31 27 0 10
8 22 0 11
20 29 0 10
31 24 0 15
14 18 0 14
5 19 0 4
3 33 0 13
11 22 0 8
8 15 0 9
24 22 0 2
0 19 0 14
31 2 0 12
24 22 0 19
21 28 0 5
19 8 0 1
24 21 0 15
1 32 0 10
18 9 0 1
1 25 0 4
9 15 0 12
3 16 0 4
32 21 0 18
23 11 0 16
1 32 0 14
11 17 0 20
14 16 0 18
2 25 0 10
23 9 0 6
15 10 0 1
22 28 0 13
18 5 0 15
7 3 0 16
6 26 0 20
0 1 0 6
17 20 0 10
14 0 0 4
7 2 0 3
33 0 0 13
0 23 0 7
0 12 0 11
8 30 0 2
6 11 0 5
0 25 0 15
31 26 0 10
8 17 0 15
3 6 0 13
22 13 0 8
33 20 0 20
19 20 0 9






33 243 20 13 29
22 5 1 15
32 9 1 5
20 6 1 2
18 19 1 8
29 4 1 12
18 0 1 2
22 16 1 15
25 5 1 12
5 22 1 16
22 7 1 2
10 30 1 9
10 27 1 1
6 15 1 12
27 1 1 20
17 28 1 6
11 12 1 4
15 1 1 2
2 24 1 18
16 29 1 15
15 16 1 15
26 27 1 3
11 2 1 16
1 7 1 8
31 32 1 19
12 14 1 3
30 25 1 5
14 6 1 17
14 8 1 5
17 22 1 13
8 4 0 6
6 29 0 9
32 7 0 8
19 7 0 6
20 3 0 4
19 14 0 3
14 11 0 4
21 23 0 18
29 2 0 3
27 20 0 19
21 26 0 16
0 32 0 3
3 31 0 2
6 15 0 4
16 0 0 8
23 20 0 18
12 32 0 19
27 21 0 13
14 15 0 15
8 9 0 13
22 30 0 2
7 29 0 16
19 30 0 9
6 1 0 16
31 17 0 6
25 5 0 20
32 18 0 12
18 12 0 15
26 24 0 1
5 30 0 9
0 19 0 9
23 24 0 5
10 9 0 6
26 15 0 3
22 12 0 1
19 2 0 3
0 1 0 16
16 20 0 11
16 13 0 6
32 16 0 6
25 14 0 7
11 2 0 18
26 10 0 11
2 3 0 19
14 23 0 4
9 10 0 14
7 11 0 10
24 25 0 19
15 9 0 5
0 8 0 2
14 31 0 18
12 9 0 10
32 2 0 17
29 3 0 19
8 17 0 4
28 26 0 4
17 32 0 14
7 21 0 15
16 3 0 12
1 2 0 5
3 14 0 16
17 26 0 11
32 23 0 8
23 19 0 10
16 25 0 5
32 18 0 7
25 2 0 16
27 10 0 19
20 24 0 3
23 24 0 16
2 27 0 4
13 10 0 5
31 9 0 16
17 30 0 13
7 13 0 12
14 12 0 18
12 2 0 6
12 28 0 3
28 15 0 3
17 5 0 7
8 7 0 19
13 20 0 6
9 16 0 1
27 1 0 1
29 8 0 15
23 20 0 20
3 32 0 17
17 9 0 9
4 5 0 14
16 22 0 10
20 31 0 14
16 9 0 13
21 17 0 17
1 9 0 18
10 5 0 5
0 28 0 2
2 30 0 8
4 12 0 9
0 15 0 5
11 31 0 10
27 16 0 6
15 31 0 8
23 17 0 9
14 18 0 8
5 27 0 9
1 27 0 20
16 29 0 13
32 31 0 10
22 31 0 9
18 7 0 2
3 1 0 13
15 16 0 6
3 4 0 14
9 19 0 10
21 22 0 13
6 21 0 10
17 4 0 12
25 1 0 3
10 24 0 17
10 9 0 13
7 10 0 14
19 25 0 11
27 28 0 18
20 2 0 2
28 22 0 9
32 28 0 7
28 12 0 15
18 2 0 2
6 12 0 10
26 22 0 3
19 30 0 2
13 14 0 20
19 7 0 9
32 27 0 16
29 20 0 10
13 17 0 19
19 12 0 6
29 30 0 11
5 4 0 15
4 28 0 19
11 14 0 11
27 25 0 16
32 12 0 11
31 9 0 3
0 6 0 19
21 17 0 5
5 3 0 8
0 30 0 5
29 1 0 17
4 5 0 12
0 14 0 4
25 6 0 4
31 4 0 8
10 2 0 1
16 0 0 15
9 22 0 10
20 27 0 10
9 25 0 3
26 21 0 20
12 25 0 14
26 25 0 16
18 16 0 10
3 12 0 5
32 22 0 13
2 3 0 16
11 13 0 9
4 31 0 10
31 5 0 17
22 31 0 19
15 8 0 12
10 2 0 18
17 18 0 6
0 21 0 19
16 21 0 13
2 22 0 16
20 32 0 20
24 3 0 17
21 32 0 9
10 21 0 18
18 1 0 6
17 10 0 2
8 28 0 1
13 26 0 17
28 8 0 11
0 10 0 3
9 28 0 10
28 20 0 2
11 6 0 20
0 16 0 2
18 32 0 13
11 16 0 17
5 22 0 17
17 0 0 16
15 29 0 17
2 27 0 4
11 3 0 14
17 30 0 18
24 6 0 6
30 6 0 6
21 22 0 16
16 1 0 17
20 4 0 20
18 19 0 8
7 1 0 2
2 3 0 2
7 14 0 17
8 29 0 5
25 18 0 2
17 15 0 10
21 3 0 4
25 19 0 11
10 5 0 16
17 21 0 15
23 28 0 17






33 309 20 18 10
0 14 1 18
27 7 1 16
13 4 1 8
26 8 1 8
29 2 1 4
14 27 1 16
19 24 1 20
7 4 1 2
0 21 1 18
28 7 1 15
30 7 0 20
6 1 0 1
8 12 0 15
25 6 0 7
28 2 0 14
24 14 0 3
29 0 0 8
15 5 0 8
25 3 0 15
23 31 0 13
4 27 0 3
32 0 0 7
1 6 0 10
3 29 0 4
16 25 0 17
27 16 0 5
0 10 0 1
25 26 0 20
24 16 0 2
10 6 0 4
2 10 0 11
0 9 0 12
30 8 0 1
6 11 0 7
22 26 0 8
3 18 0 20
0 16 0 6
27 9 0 10
27 0 0 1
30 8 0 16
29 9 0 13
23 7 0 11
17 4 0 2
13 8 0 1
6 28 0 13
26 31 0 7
25 30 0 3
2 22 0 19
4 16 0 14
23 13 0 12
12 10 0 16
10 0 0 1
14 15 0 5
27 26 0 9
16 0 0 6
29 24 0 14
25 17 0 7
7 19 0 9
31 21 0 10
21 9 0 1
17 20 0 4
22 30 0 6
3 11 0 18
17 3 0 12
6 17 0 3
22 11 0 2
3 4 0 19
13 11 0 20
12 8 0 14
28 29 0 7
22 11 0 1
24 0 0 1
24 1 0 1
4 16 0 12
10 22 0 16
17 10 0 15
13 14 0 6
26 25 0 11
21 3 0 13
4 29 0 1
30 16 0 18
10 7 0 11
18 29 0 4
5 0 0 9
26 8 0 7
31 23 0 2
13 3 0 20
1 27 0 7
32 15 0 8
4 20 0 8
4 17 0 19
12 26 0 16
23 11 0 4
30 16 0 4
23 7 0 16
3 4 0 13
24 17 0 10
26 19 0 11
18 16 0 1
14 20 0 20
3 22 0 18
11 2 0 4
22 23 0 10
32 20 0 7
3 8 0 20
16 9 0 11
20 0 0 6
27 24 0 3
26 8 0 12
8 20 0 18
8 23 0 8
26 32 0 5
1 23 0 7
21 20 0 2
23 21 0 5
32 5 0 8
12 25 0 18
7 17 0 8
22 8 0 3
19 17 0 15
0 23 0 19
6 14 0 15
11 16 0 9
5 2 0 13
19 25 0 14
6 24 0 20
3 1 0 3
32 9 0 12
15 31 0 14
8 15 0 4
17 16 0 13
16 20 0 12
13 31 0 15
0 1 0 3
5 20 0 12
32 25 0 11
30 28 0 4
19 25 0 7
22 7 0 19
1 13 0 7
27 28 0 5
11 10 0 16
8 23 0 9
21 22 0 17
32 27 0 7
5 24 0 10
1 22 0 17
31 6 0 3
4 26 0 1
6 26 0 7
23 21 0 13
22 32 0 3
7 5 0 7
22 24 0 8
6 24 0 6
8 29 0 8
2 28 0 4
22 26 0 17
0 28 0 18
17 1 0 13
12 23 0 5
2 10 0 5
3 15 0 18
27 3 0 8
3 7 0 19
6 13 0 14
1 13 0 2
14 2 0 12
0 1 0 16
11 16 0 18
14 28 0 3
6 30 0 8
27 0 0 8
20 25 0 4
6 28 0 20
15 2 0 18
18 1 0 3
15 16 0 16
8 16 0 10
27 25 0 6
12 7 0 2
18 13 0 2
32 5 0 10
28 25 0 14
26 32 0 19
28 12 0 1
11 30 0 19
4 13 0 9
0 20 0 15
28 12 0 5
6 24 0 5
12 9 0 19
14 8 0 14
16 1 0 9
10 27 0 2
0 21 0 12
23 32 0 16
15 3 0 15
22 2 0 1
11 30 0 13
26 2 0 20
14 12 0 4
14 26 0 4
20 9 0 8
17 18 0 10
15 16 0 11
22 7 0 20
24 22 0 20
6 9 0 5
7 21 0 16
21 12 0 7
23 24 0 11
0 6 0 20
17 26 0 5
2 11 0 18
10 24 0 9
9 13 0 11
2 4 0 2
32 8 0 11
29 15 0 3
22 2 0 3
18 25 0 3
24 25 0 14
24 7 0 13
32 7 0 8
23 18 0 20
30 27 0 4
12 27 0 15
11 25 0 8
22 21 0 6
17 10 0 11
24 27 0 6
23 17 0 3
25 8 0 4
19 5 0 10
23 28 0 9
19 24 0 4
25 3 0 6
32 14 0 3
16 2 0 11
11 19 0 8
11 9 0 2
31 30 0 15
11 22 0 5
30 8 0 18
25 30 0 13
3 16 0 20
5 6 0 1
2 3 0 6
26 19 0 20
2 29 0 13
19 5 0 8
31 3 0 11
25 15 0 4
25 12 0 10
29 2 0 18
29 3 0 19
19 9 0 5
11 12 0 5
15 5 0 12
19 5 0 18
9 25 0 10
7 23 0 5
32 13 0 18
14 3 0 12
3 0 0 8
21 27 0 14
19 11 0 5
23 20 0 19
30 2 0 5
22 19 0 7
10 27 0 3
3 1 0 7
-1 0 0 1
7 13 0 1
27 16 0 17
13 2 0 9
1 21 0 9
32 11 0 16
8 7 0 9
21 29 0 17
4 7 0 2
14 10 0 15
12 8 0 15
21 14 0 20
0 8 0 4
13 19 0 20
17 20 0 16
0 18 0 6
4 24 0 16
8 10 0 9
31 14 0 13
16 26 0 5
32 5 0 3
14 24 0 3
9 25 0 9
18 3 0 16
28 20 0 3
26 19 0 13
0 23 0 12
13 29 0 10
22 27 0 19
5 8 0 3
29 6 0 18
27 18 0 6
6 26 0 18
24 9 0 15
27 4 0 1
15 30 0 13






35 63 11 28 30
18 27 1 9
26 21 1 14
0 10 1 11
15 7 1 3
33 34 1 16
6 1 1 18
30 27 1 7
8 3 1 18
20 32 1 13
6 9 1 11
5 4 1 11
20 30 1 9
18 8 1 9
16 23 1 18
3 33 1 13
0 4 1 16
22 0 1 14
33 20 1 4
12 5 1 6
31 12 1 2
9 29 1 2
14 15 1 12
29 10 1 12
7 3 1 6
16 18 1 16
13 19 1 6
24 6 1 18
4 17 1 13
22 29 1 3
2 3 1 7
16 12 0 4
22 3 0 9
0 32 0 11
22 16 0 10
9 32 0 18
29 11 0 4
19 12 0 1
33 28 0 10
20 15 0 16
25 29 0 4
18 22 0 8
6 9 0 6
21 22 0 10
12 21 0 16
18 30 0 14
7 24 0 7
16 21 0 11
8 19 0 19
16 17 0 6
9 19 0 17
28 2 0 15
12 9 0 11
0 7 0 10
19 31 0 11
20 14 0 11
30 22 0 18
28 3 0 4
15 23 0 10
30 17 0 9
2 26 0 3
3 31 0 3
4 9 0 19
15 9 0 11






19 54 1 6 25
8 9 1 13
3 13 1 3
4 13 1 3
-1 0 1 13
12 3 1 12
3 5 1 16
12 0 1 17
0 9 1 17
6 0 1 19
16 17 1 11
12 7 1 5
10 7 1 17
18 9 1 3
9 6 1 11
-1 0 1 8
6 3 1 19
4 15 1 4
1 16 1 19
13 0 1 12
14 17 1 12
18 11 1 5
12 18 1 8
13 14 1 4
11 4 1 16
4 2 1 20
17 5 0 15
16 9 0 8
12 10 0 20
17 4 0 5
1 15 0 15
2 11 0 4
7 2 0 4
15 16 0 2
0 8 0 7
6 10 0 5
12 5 0 19
2 3 0 4
4 15 0 9
4 11 0 9
17 12 0 4
9 11 0 18
10 15 0 13
6 9 0 17
17 9 0 3
11 12 0 3
6 5 0 4
4 7 0 7
10 12 0 15
8 13 0 7
5 8 0 18
16 17 0 7
2 8 0 2
9 15 0 19
13 10 0 12






37 478 20 32 35
19 5 1 6
21 34 1 1
12 16 1 13
30 31 1 17
33 1 1 4
12 1 1 8
21 30 1 5
4 18 1 10
28 34 1 18
25 32 1 8
15 14 1 13
27 35 1 4
31 25 1 9
14 19 1 1
24 15 1 3
21 6 1 11
21 5 1 12
13 24 1 4
18 30 1 7
7 18 1 19
28 33 1 20
17 1 1 17
32 33 1 2
28 10 1 19
33 35 1 12
17 34 1 3
2 33 1 2
2 10 1 1
14 28 1 11
23 13 1 10
27 4 1 9
9 36 1 11
4 32 1 10
24 1 1 6
5 12 1 18
17 29 0 9
34 31 0 8
35 12 0 10
22 26 0 17
3 28 0 6
3 18 0 16
29 27 0 3
19 9 0 6
6 34 0 9
3 17 0 2
28 34 0 9
13 32 0 10
32 8 0 11
2 30 0 3
0 34 0 5
11 15 0 7
4 7 0 19
11 4 0 7
13 10 0 3
17 28 0 17
11 19 0 10
34 33 0 7
30 6 0 10
16 9 0 19
29 9 0 17
10 36 0 1
32 18 0 3
1 30 0 14
16 6 0 2
28 1 0 6
35 27 0 13
18 25 0 9
11 33 0 17
12 28 0 1
29 20 0 1
35 30 0 3
5 4 0 14
33 20 0 3
7 36 0 11
14 5 0 8
27 18 0 13
22 0 0 8
29 26 0 14
5 2 0 20
5 9 0 9
29 7 0 9
16 27 0 7
36 2 0 1
27 9 0 1
2 1 0 17
16 28 0 18
21 29 0 4
28 36 0 13
10 19 0 3
20 24 0 16
28 31 0 1
8 10 0 5
28 24 0 4
10 29 0 3
5 32 0 10
28 11 0 16
10 32 0 12
7 2 0 7
30 12 0 9
34 11 0 10
31 17 0 10
29 25 0 5
18 32 0 6
30 20 0 17
8 25 0 19
10 31 0 11
33 4 0 15
11 26 0 17
25 20 0 2
36 17 0 10
34 26 0 9
4 19 0 18
22 0 0 17
6 8 0 18
34 32 0 14
4 5 0 8
2 1 0 11
25 27 0 8
35 30 0 13
14 29 0 16
3 26 0 9
10 30 0 19
21 31 0 3
26 15 0 16
15 12 0 1
29 32 0 7
0 12 0 13
28 1 0 10
9 14 0 12
9 28 0 19
5 32 0 12
27 20 0 1
24 4 0 9
21 31 0 6
4 9 0 16
20 16 0 17
18 16 0 3
33 23 0 5
0 32 0 3
35 19 0 9
1 2 0 2
33 7 0 10
35 31 0 13
9 15 0 9
35 20 0 7
29 18 0 20
3 36 0 8
4 10 0 20
22 11 0 8
17 24 0 4
3 26 0 5
0 22 0 9
32 35 0 16
31 7 0 18
3 20 0 20
35 27 0 2
25 30 0 15
31 13 0 10
1 35 0 10
18 15 0 14
17 33 0 13
34 33 0 9
7 6 0 12
26 1 0 12
1 19 0 16
34 32 0 17
10 35 0 5
16 29 0 1
18 8 0 18
8 26 0 14
1 22 0 5
5 19 0 6
24 4 0 16
5 8 0 17
9 10 0 9
11 7 0 7
25 32 0 13
26 27 0 16
3 23 0 5
30 9 0 9
35 10 0 10
15 30 0 16
6 18 0 17
18 1 0 6
32 10 0 6
5 21 0 4
26 25 0 14
9 14 0 9
21 33 0 11
34 26 0 9
0 3 0 10
25 33 0 12
26 17 0 17
31 35 0 12
22 30 0 3
24 36 0 11
24 25 0 15
22 34 0 15
24 33 0 8
34 31 0 7
32 31 0 20
3 35 0 20
19 2 0 16
17 33 0 15
16 18 0 11
25 20 0 15
34 9 0 1
31 9 0 19
21 34 0 2
6 9 0 4
33 4 0 17
26 22 0 9
30 5 0 16
14 22 0 14
34 1 0 12
25 4 0 17
15 2 0 11
8 33 0 7
36 32 0 6
17 2 0 10
12 13 0 18
34 18 0 9
16 26 0 17
15 4 0 19
10 16 0 14
2 4 0 20
14 19 0 4
28 5 0 4
36 5 0 13
20 22 0 20
35 13 0 15
10 26 0 8
8 20 0 6
11 36 0 17
29 24 0 19
11 26 0 18
35 18 0 12
23 9 0 2
23 24 0 17
19 7 0 19
31 20 0 3
20 30 0 18
27 2 0 20
24 28 0 7
2 21 0 12
12 32 0 12
25 30 0 9
21 32 0 19
0 18 0 15
36 15 0 15
35 10 0 20
25 8 0 7
5 36 0 9
20 1 0 10
12 18 0 11
28 30 0 13
34 19 0 9
0 18 0 5
12 33 0 8
11 32 0 16
17 8 0 19
21 33 0 11
18 16 0 12
18 14 0 15
24 26 0 13
14 33 0 19
36 30 0 16
29 30 0 7
19 20 0 5
5 31 0 18
6 26 0 16
32 10 0 10
28 29 0 12
26 25 0 11
1 12 0 15
32 4 0 17
20 18 0 8
4 27 0 19
7 24 0 10
5 7 0 9
36 13 0 8
30 8 0 20
6 1 0 9
29 5 0 3
14 6 0 11
18 17 0 3
4 15 0 16
35 19 0 5
0 4 0 6
23 10 0 20
19 24 0 12
4 17 0 2
36 2 0 19
17 31 0 11
22 23 0 8
18 4 0 19
32 8 0 18
28 6 0 5
14 22 0 5
3 8 0 16
36 27 0 19
8 31 0 6
19 9 0 9
31 4 0 12
11 26 0 13
13 22 0 10
31 18 0 17
6 9 0 15
0 2 0 16
35 20 0 5
22 19 0 5
32 5 0 13
1 25 0 7
9 19 0 12
11 31 0 14
14 22 0 1
22 16 0 2
16 22 0 20
31 0 0 16
32 14 0 3
4 14 0 4
18 24 0 19
20 26 0 12
16 35 0 9
31 25 0 5
14 2 0 7
34 2 0 6
35 18 0 18
23 13 0 9
14 23 0 6
2 5 0 13
10 1 0 20
23 22 0 5
2 1 0 16
15 11 0 3
1 3 0 2
8 0 0 12
32 35 0 11
35 21 0 15
1 13 0 19
18 16 0 19
12 26 0 20
8 27 0 13
31 7 0 16
8 0 0 1
32 1 0 1
36 10 0 20
21 5 0 15
25 18 0 2
18 19 0 15
15 0 0 6
0 27 0 2
24 14 0 1
11 23 0 2
0 31 0 18
14 26 0 4
10 3 0 16
5 3 0 3
14 28 0 1
22 25 0 12
6 3 0 11
22 19 0 12
4 21 0 13
14 33 0 11
8 11 0 13
2 3 0 9
15 13 0 20
21 19 0 14
26 11 0 17
35 33 0 4
4 2 0 16
25 2 0 13
0 7 0 2
4 36 0 18
16 22 0 5
15 4 0 15
3 19 0 2
10 18 0 12
19 8 0 12
35 21 0 15
17 25 0 7
17 13 0 7
0 29 0 15
4 33 0 12
34 28 0 15
23 6 0 10
30 10 0 4
29 20 0 1
10 2 0 14
2 15 0 16
27 32 0 10
11 13 0 6
34 28 0 16
5 10 0 16
27 7 0 3
34 8 0 1
24 1 0 11
10 31 0 12
15 19 0 18
13 22 0 4
10 27 0 19
10 1 0 17
24 13 0 11
7 18 0 14
24 8 0 15
32 21 0 6
25 23 0 5
5 11 0 14
6 27 0 4
24 18 0 5
20 29 0 3
5 17 0 18
3 4 0 2
29 27 0 11
6 14 0 18
27 25 0 19
19 28 0 15
6 33 0 2
23 17 0 7
23 4 0 7
8 3 0 10
36 8 0 5
28 27 0 8
33 19 0 16
35 4 0 16
24 9 0 17
11 7 0 4
0 13 0 19
0 36 0 3
5 23 0 3
13 9 0 4
7 8 0 4
18 14 0 18
11 26 0 16
17 2 0 8
15 4 0 4
15 16 0 20
8 31 0 13
11 31 0 12
32 36 0 5
21 27 0 16
5 12 0 6
35 8 0 14
18 20 0 4
36 15 0 14
20 8 0 7
29 24 0 12
8 10 0 4
0 21 0 4
7 17 0 2
14 16 0 4
31 21 0 13
34 35 0 11
15 16 0 19
1 15 0 16
3 14 0 13
32 6 0 10
33 30 0 2
13 30 0 16
2 15 0 9
5 30 0 4
36 24 0 4
20 0 0 13
27 31 0 8
3 10 0 15
23 14 0 7
0 24 0 15
30 21 0 9
34 12 0 13
0 15 0 20
19 20 0 17
33 34 0 7
25 32 0 17
0 23 0 10
28 4 0 11
12 27 0 4
11 5 0 3
31 14 0 4






20 128 17 12 12
18 3 1 12
11 19 1 2
1 6 1 15
6 14 1 1
2 3 1 6
15 5 1 6
5 0 1 4
11 3 1 4
8 18 1 4
17 15 1 8
13 5 1 12
4 9 1 11
17 10 0 9
12 8 0 3
4 11 0 19
10 18 0 16
15 3 0 17
18 7 0 12
13 7 0 10
8 5 0 18
15 10 0 15
18 15 0 4
9 12 0 6
9 16 0 15
12 1 0 18
10 11 0 16
5 18 0 12
13 16 0 19
4 1 0 18
6 9 0 15
3 16 0 6
17 15 0 13
13 16 0 5
18 5 0 14
12 17 0 15
1 19 0 18
16 17 0 8
8 10 0 16
18 7 0 17
7 13 0 18
2 8 0 6
7 17 0 1
19 10 0 9
15 9 0 7
8 13 0 16
14 15 0 16
3 4 0 5
10 4 0 7
5 14 0 14
13 1 0 19
10 3 0 19
8 2 0 17
0 1 0 19
8 9 0 20
15 17 0 14
10 4 0 1
17 19 0 17
1 2 0 13
8 7 0 7
12 13 0 8
4 3 0 4
2 11 0 6
18 12 0 20
17 13 0 9
8 0 0 18
13 10 0 2
13 0 0 14
1 13 0 16
12 13 0 15
11 7 0 8
19 11 0 4
14 13 0 7
19 4 0 11
18 13 0 4
6 1 0 4
16 15 0 7
9 0 0 19
2 14 0 12
17 7 0 6
12 19 0 5
11 10 0 16
14 16 0 1
1 15 0 17
11 6 0 10
7 4 0 4
2 0 0 11
0 10 0 11
18 4 0 5
10 2 0 5
7 6 0 16
11 17 0 18
18 12 0 14
18 5 0 1
7 16 0 7
16 15 0 4
11 18 0 4
1 18 0 6
4 17 0 11
0 19 0 5
4 6 0 3
11 9 0 20
8 7 0 4
13 17 0 1
14 4 0 10
12 13 0 5
15 4 0 3
11 18 0 2
16 2 0 11
18 2 0 10
14 19 0 8
16 2 0 17
8 11 0 16
3 4 0 13
4 10 0 18
13 3 0 3
17 18 0 19
0 9 0 17
13 18 0 11
15 8 0 6
4 3 0 17
3 19 0 19
11 19 0 10
6 3 0 7
18 7 0 17
7 0 0 20
1 9 0 11
0 1 0 20
16 6 0 10






17 127 10 15 9
-1 0 1 1
14 3 1 4
4 10 1 10
14 0 1 1
14 0 1 20
13 14 1 2
13 11 1 2
14 0 1 18
5 0 1 17
14 1 0 1
6 9 0 1
15 6 0 20
7 1 0 20
16 6 0 18
13 11 0 12
12 7 0 6
14 12 0 2
15 9 0 18
4 5 0 15
7 10 0 2
7 0 0 10
6 15 0 2
9 5 0 7
5 12 0 10
0 8 0 8
13 12 0 11
13 0 0 14
8 16 0 6
11 4 0 14
5 2 0 2
-1 0 0 5
4 7 0 19
5 16 0 16
16 13 0 4
0 13 0 9
3 0 0 17
5 14 0 13
2 13 0 15
7 15 0 16
1 3 0 1
14 11 0 13
0 6 0 6
10 2 0 19
8 2 0 10
9 10 0 20
2 13 0 2
15 9 0 8
12 2 0 16
15 10 0 11
6 2 0 19
6 7 0 5
7 8 0 14
0 1 0 19
7 0 0 7
10 9 0 11
9 3 0 6
0 9 0 15
13 12 0 10
5 11 0 18
12 8 0 16
13 15 0 20
8 14 0 20
9 5 0 14
13 12 0 17
9 5 0 5
7 6 0 17
8 6 0 1
2 11 0 11
6 7 0 12
4 3 0 8
4 7 0 3
12 7 0 1
9 16 0 17
8 3 0 19
6 4 0 10
14 2 0 20
16 10 0 10
11 4 0 20
1 11 0 13
10 15 0 10
10 11 0 9
8 14 0 7
11 6 0 17
11 14 0 16
16 12 0 12
8 9 0 11
16 0 0 15
3 2 0 1
2 3 0 11
8 13 0 2
8 6 0 10
6 5 0 6
4 7 0 2
0 2 0 18
16 9 0 12
11 9 0 20
7 8 0 17
5 11 0 20
7 13 0 15
3 12 0 9
6 3 0 9
10 1 0 9
12 13 0 17
3 13 0 14
7 3 0 6
16 14 0 14
8 13 0 9
8 1 0 1
10 9 0 8
6 3 0 4
6 0 0 8
12 11 0 10
13 14 0 8
14 8 0 10
8 15 0 20
10 14 0 12
5 13 0 18
15 12 0 20
3 13 0 13
13 10 0 7
9 16 0 13
8 2 0 3
0 7 0 3
4 5 0 6
13 4 0 9
0 5 0 17
0 10 0 15






-1 -1
