29 198 17 28 9
24 0 1 12
3 7 1 20
14 0 1 3
6 15 1 8
7 10 1 13
2 21 1 6
26 19 1 6
1 17 1 19
21 2 1 18
9 12 0 2
10 28 0 13
7 2 0 20
10 17 0 17
13 23 0 6
3 22 0 3
0 17 0 19
6 14 0 7
5 7 0 13
10 20 0 8
24 0 0 17
8 10 0 14
21 9 0 9
5 11 0 18
17 25 0 15
8 20 0 1
2 20 0 17
9 18 0 17
6 23 0 4
12 26 0 17
20 13 0 14
4 21 0 2
8 5 0 10
14 10 0 11
9 20 0 6
11 20 0 3
6 22 0 6
11 2 0 8
-1 0 0 20
26 12 0 19
14 25 0 15
2 0 0 17
22 8 0 13
15 14 0 20
27 23 0 17
19 26 0 1
2 25 0 12
5 7 0 2
26 7 0 19
26 4 0 1
15 18 0 13
17 13 0 15
11 6 0 16
24 13 0 5
26 3 0 10
11 22 0 19
16 24 0 19
7 0 0 11
22 19 0 19
7 8 0 12
27 24 0 12
14 12 0 6
21 16 0 3
0 11 0 3
22 0 0 10
1 3 0 19
7 19 0 14
1 19 0 6
2 12 0 20
3 12 0 15
8 2 0 16
15 16 0 1
7 1 0 15
26 1 0 14
21 15 0 17
28 16 0 20
13 24 0 4
22 25 0 15
23 20 0 3
15 23 0 6
28 23 0 8
15 1 0 3
6 8 0 16
6 26 0 11
8 19 0 8
11 10 0 8
16 23 0 6
4 16 0 16
3 11 0 15
14 18 0 6
0 17 0 8
18 24 0 16
23 22 0 17
13 20 0 19
12 0 0 10
18 3 0 19
10 11 0 11
21 8 0 5
19 11 0 5
16 18 0 11
28 18 0 1
26 7 0 10
4 22 0 6
12 6 0 9
9 10 0 3
18 20 0 5
8 24 0 2
22 16 0 14
7 6 0 11
3 14 0 10
9 5 0 12
3 2 0 2
13 6 0 8
8 11 0 11
3 13 0 7
11 2 0 9
22 3 0 15
8 17 0 7
1 24 0 16
26 27 0 16
13 7 0 20
18 2 0 7
22 7 0 4
11 15 0 8
7 11 0 17
6 22 0 5
25 16 0 17
10 24 0 8
3 17 0 18
23 16 0 15
28 0 0 9
9 18 0 20
13 3 0 1
23 7 0 13
8 14 0 1
26 12 0 3
18 8 0 6
5 10 0 12
9 13 0 14
0 7 0 15
18 27 0 16
27 7 0 15
9 20 0 15
27 7 0 6
24 15 0 18
2 12 0 19
24 23 0 19
4 20 0 2
21 1 0 16
27 22 0 6
27 12 0 1
12 10 0 6
16 20 0 1
23 10 0 19
0 5 0 19
12 8 0 18
8 24 0 19
13 21 0 2
20 13 0 15
10 11 0 15
1 2 0 7
21 14 0 19
10 1 0 3
11 16 0 19
28 8 0 2
14 21 0 2
13 21 0 13
27 5 0 11
4 17 0 7
10 21 0 20
2 15 0 11
6 7 0 19
13 9 0 8
23 21 0 10
23 12 0 16
13 26 0 14
10 11 0 2
3 1 0 12
9 5 0 15
8 16 0 16
2 18 0 4
27 17 0 18
0 22 0 5
4 16 0 8
25 3 0 14
17 16 0 13
22 18 0 15
19 22 0 18
14 2 0 14
27 2 0 11
2 25 0 3
14 23 0 7
5 24 0 10
26 20 0 18
10 16 0 18
6 25 0 15
20 10 0 19
9 1 0 13
28 15 0 7






17 36 15 16 13
7 8 1 4
13 7 1 2
9 13 1 16
3 14 1 9
9 8 1 15
4 3 1 14
6 7 1 11
13 11 1 5
14 0 1 4
10 16 1 14
14 15 1 18
9 11 1 8
1 11 1 19
10 15 0 8
11 15 0 6
7 2 0 10
10 8 0 13
5 12 0 19
12 10 0 12
0 3 0 17
11 1 0 14
14 1 0 17
6 10 0 10
12 4 0 15
14 6 0 11
7 13 0 14
2 15 0 13
14 3 0 14
3 16 0 14
0 7 0 18
13 1 0 9
7 15 0 11
12 5 0 16
3 8 0 9
0 5 0 14
4 3 0 14






12 10 0 10 9
8 7 1 8
6 1 1 9
1 6 1 19
3 11 1 2
0 5 1 14
5 8 1 6
0 5 1 13
8 2 1 1
6 11 1 3
0 11 0 9






15 41 0 4 20
10 7 1 13
4 6 1 16
9 4 1 16
6 2 1 14
4 10 1 14
7 2 1 3
3 14 1 17
0 7 1 13
0 2 1 18
3 2 1 2
8 12 1 7
5 2 1 10
5 3 1 14
7 10 1 4
5 14 1 11
5 6 1 18
8 1 1 9
14 8 1 11
7 1 1 6
11 4 1 8
13 12 0 16
6 9 0 15
5 6 0 20
0 14 0 5
5 11 0 6
5 2 0 4
14 10 0 6
8 10 0 6
0 9 0 17
10 5 0 7
0 10 0 1
10 1 0 13
6 13 0 4
5 6 0 15
7 3 0 7
7 9 0 4
6 0 0 2
13 0 0 4
13 8 0 3
7 10 0 8
13 10 0 6






25 52 11 12 21
22 23 1 15
23 7 1 2
16 20 1 6
7 4 1 14
10 0 1 7
5 23 1 18
10 7 1 5
20 21 1 10
1 11 1 7
4 0 1 17
17 22 1 10
23 20 1 9
6 13 1 15
7 21 1 16
7 6 1 6
4 13 1 11
8 24 1 10
14 22 1 16
22 23 1 8
9 4 1 8
12 24 1 7
13 22 0 4
22 6 0 17
3 15 0 15
13 22 0 16
0 3 0 2
12 11 0 3
6 0 0 5
21 0 0 15
0 12 0 15
4 24 0 11
5 13 0 13
5 12 0 11
17 15 0 6
1 5 0 4
19 5 0 2
2 17 0 11
9 0 0 1
15 21 0 19
19 24 0 6
4 5 0 10
15 11 0 5
0 18 0 7
15 10 0 14
23 14 0 9
3 8 0 9
11 12 0 8
6 21 0 3
4 11 0 2
2 7 0 3
12 15 0 13
23 7 0 11






13 5 7 6 10
10 6 1 6
12 11 1 4
7 4 1 15
2 3 1 9
8 0 1 3






11 10 6 1 10
5 6 1 14
4 6 1 17
5 0 1 16
3 4 1 2
6 3 1 18
4 8 1 3
2 7 1 1
0 2 1 14
9 5 1 8
10 0 1 16






10 17 8 5 10
8 1 1 11
3 6 1 13
-1 0 1 10
2 7 1 3
8 9 1 11
1 9 1 11
4 5 1 1
0 2 1 10
1 9 1 20
0 7 1 8
2 5 0 11
2 9 0 10
5 9 0 10
6 4 0 7
0 3 0 6
1 6 0 6
3 1 0 11






24 227 14 1 10
13 5 1 13
18 0 1 17
5 6 1 20
4 19 1 7
22 20 1 15
21 22 1 6
15 4 1 7
12 21 1 2
1 19 1 6
18 1 1 12
12 6 0 9
9 0 0 13
13 21 0 7
8 2 0 3
18 16 0 15
13 6 0 6
10 21 0 2
4 9 0 3
9 10 0 18
15 20 0 7
14 9 0 13
18 10 0 9
22 23 0 6
-1 0 0 20
22 18 0 8
17 7 0 10
18 9 0 12
23 5 0 9
1 15 0 16
6 22 0 12
11 12 0 1
0 6 0 7
4 20 0 19
5 12 0 15
1 11 0 13
12 20 0 1
6 14 0 10
12 13 0 12
5 6 0 7
8 12 0 1
15 16 0 9
8 16 0 7
3 20 0 7
21 1 0 19
7 2 0 6
19 15 0 10
23 13 0 20
21 2 0 5
0 7 0 7
2 8 0 7
10 16 0 11
14 0 0 3
0 3 0 19
6 16 0 9
16 23 0 11
14 11 0 14
23 10 0 7
22 23 0 5
3 23 0 17
6 17 0 9
12 19 0 13
11 9 0 1
1 9 0 9
4 7 0 9
8 0 0 5
22 6 0 8
4 5 0 2
14 20 0 6
3 16 0 1
15 22 0 15
19 2 0 10
23 13 0 12
19 15 0 9
11 19 0 17
12 19 0 17
12 17 0 3
15 13 0 8
20 4 0 13
9 7 0 9
6 14 0 7
20 9 0 13
5 0 0 11
0 11 0 14
13 23 0 1
17 11 0 12
13 15 0 17
7 6 0 11
22 2 0 11
2 4 0 2
6 2 0 4
0 22 0 13
13 3 0 1
15 20 0 12
8 9 0 11
12 18 0 2
19 23 0 17
19 22 0 7
9 12 0 14
3 15 0 2
20 21 0 16
19 14 0 2
3 19 0 17
3 10 0 5
15 18 0 14
17 22 0 20
23 17 0 3
19 4 0 13
22 14 0 2
11 9 0 1
4 22 0 10
23 17 0 16
16 13 0 11
20 8 0 17
21 23 0 7
22 9 0 5
10 8 0 10
20 3 0 19
21 17 0 13
10 20 0 10
14 0 0 16
15 23 0 6
23 7 0 19
1 4 0 19
6 17 0 19
4 15 0 8
1 17 0 12
22 6 0 7
8 3 0 13
16 13 0 1
18 3 0 6
9 10 0 5
18 1 0 1
8 3 0 9
15 1 0 14
4 5 0 1
4 22 0 11
11 21 0 17
13 21 0 4
1 14 0 13
10 0 0 16
11 9 0 2
3 20 0 20
3 4 0 19
23 11 0 16
4 16 0 9
1 20 0 16
7 23 0 17
19 5 0 18
10 6 0 16
22 8 0 8
13 11 0 14
6 15 0 18
1 10 0 18
23 2 0 14
14 6 0 6
11 23 0 3
5 6 0 14
22 1 0 19
2 3 0 10
23 17 0 6
10 6 0 14
7 5 0 1
8 6 0 7
14 6 0 1
7 12 0 16
0 23 0 11
14 5 0 2
20 19 0 3
14 23 0 11
23 14 0 16
17 0 0 7
14 0 0 4
18 8 0 18
8 22 0 20
9 21 0 5
16 22 0 4
22 4 0 2
3 0 0 9
2 7 0 20
20 6 0 6
23 15 0 11
9 5 0 3
0 23 0 15
14 0 0 10
8 9 0 7
9 1 0 17
9 15 0 10
6 11 0 10
22 5 0 9
6 17 0 8
19 16 0 19
17 2 0 1
7 18 0 12
22 0 0 12
11 2 0 9
13 11 0 2
14 12 0 2
11 10 0 17
16 1 0 2
21 23 0 7
0 18 0 19
2 12 0 1
18 11 0 12
10 1 0 16
17 4 0 6
2 10 0 18
11 0 0 14
4 3 0 17
0 19 0 6
9 8 0 13
3 8 0 3
14 3 0 19
18 21 0 3
9 7 0 8
0 1 0 9
2 19 0 19
23 6 0 7
9 3 0 2
21 3 0 5
18 5 0 6
6 8 0 14
20 14 0 17
7 9 0 7
5 18 0 6
20 19 0 15
8 14 0 14
14 5 0 5






26 259 23 3 9
12 14 1 10
11 3 1 16
2 10 1 17
6 1 1 16
13 3 1 9
0 24 1 1
15 23 1 2
7 6 1 12
11 14 1 9
11 13 0 18
13 0 0 4
14 13 0 3
16 17 0 8
20 24 0 1
19 11 0 20
1 13 0 4
9 5 0 15
22 14 0 20
24 25 0 8
18 13 0 12
15 2 0 2
5 18 0 3
21 10 0 13
24 4 0 13
4 23 0 12
11 0 0 6
19 10 0 17
25 8 0 3
12 6 0 3
16 24 0 6
7 16 0 4
24 21 0 14
6 18 0 17
6 19 0 19
4 25 0 5
16 13 0 17
19 6 0 13
25 7 0 10
23 20 0 14
21 10 0 11
6 19 0 17
23 17 0 16
5 25 0 2
25 6 0 15
23 10 0 15
21 2 0 12
20 21 0 2
4 22 0 19
23 20 0 3
25 15 0 5
1 24 0 4
19 21 0 13
10 2 0 15
19 3 0 13
24 1 0 11
4 24 0 2
21 20 0 17
20 1 0 10
0 24 0 18
3 25 0 7
17 0 0 11
23 21 0 17
23 7 0 5
21 1 0 17
0 1 0 10
20 5 0 20
15 2 0 5
5 22 0 16
20 24 0 14
5 3 0 14
6 21 0 8
6 20 0 2
2 17 0 13
3 15 0 4
7 18 0 9
14 12 0 2
21 1 0 14
23 9 0 18
0 3 0 1
4 11 0 8
9 19 0 17
14 1 0 19
17 6 0 11
2 9 0 6
15 18 0 16
4 8 0 5
25 3 0 4
23 1 0 19
18 3 0 11
14 9 0 16
14 18 0 5
8 7 0 16
25 0 0 18
9 2 0 7
8 18 0 19
25 22 0 7
5 23 0 3
13 22 0 18
3 17 0 7
25 7 0 17
8 21 0 19
10 6 0 14
14 7 0 3
23 16 0 9
18 24 0 1
6 25 0 15
3 7 0 5
3 22 0 11
8 1 0 16
14 3 0 8
6 11 0 5
17 24 0 17
10 14 0 14
2 13 0 18
25 7 0 2
15 14 0 2
2 19 0 17
14 22 0 7
24 6 0 14
0 20 0 5
9 3 0 19
13 20 0 7
0 4 0 17
19 9 0 18
3 10 0 14
12 25 0 14
23 1 0 1
16 17 0 13
5 16 0 19
25 16 0 5
19 25 0 4
1 14 0 10
9 14 0 13
5 8 0 14
15 13 0 2
6 25 0 9
13 25 0 3
13 16 0 14
11 24 0 18
15 23 0 6
15 18 0 17
19 20 0 8
18 5 0 6
24 11 0 6
13 0 0 5
12 8 0 17
13 21 0 2
17 10 0 20
10 21 0 6
22 10 0 5
25 1 0 6
2 20 0 10
19 15 0 11
24 13 0 2
14 3 0 4
18 17 0 18
22 4 0 1
1 21 0 1
23 8 0 10
16 6 0 18
9 7 0 10
20 9 0 20
1 2 0 11
13 1 0 3
13 17 0 12
12 9 0 19
22 8 0 6
0 9 0 13
15 6 0 7
0 25 0 5
22 10 0 13
21 4 0 18
16 7 0 1
1 20 0 18
1 9 0 15
2 22 0 16
22 18 0 18
23 18 0 6
22 9 0 6
2 10 0 5
17 8 0 3
15 3 0 9
20 21 0 20
4 22 0 3
17 23 0 10
21 1 0 6
13 0 0 12
12 25 0 17
20 21 0 20
13 0 0 4
5 19 0 10
7 8 0 3
16 2 0 11
6 9 0 7
20 0 0 11
15 24 0 12
9 11 0 2
22 23 0 18
2 21 0 19
18 10 0 17
19 15 0 8
5 25 0 20
17 18 0 15
3 0 0 12
10 20 0 12
18 11 0 18
3 20 0 9
16 17 0 11
4 21 0 4
14 15 0 10
23 11 0 17
2 16 0 9
14 9 0 13
6 13 0 1
5 25 0 7
8 17 0 8
10 22 0 15
22 13 0 18
8 19 0 13
15 8 0 5
6 7 0 4
17 9 0 12
1 25 0 3
3 5 0 8
7 12 0 5
7 21 0 16
16 5 0 5
24 3 0 12
25 12 0 16
20 3 0 6
6 12 0 3
5 3 0 10
18 4 0 12
14 9 0 13
24 16 0 14
8 23 0 9
10 15 0 4
10 16 0 3
25 15 0 5
10 11 0 13
1 19 0 7
3 24 0 4
13 16 0 4
24 5 0 7
16 5 0 5
19 13 0 8
19 25 0 3
0 11 0 5
10 11 0 3
9 23 0 20
13 25 0 2
1 4 0 10
18 19 0 17
15 19 0 16
23 10 0 15
21 3 0 18
16 25 0 14
5 25 0 13
7 12 0 20






-1 -1
 0 18
14 18 0 14
27 16 0 6
7 17 0 1
9 31 0 16
1 0 0 5
8 21 0 5
23 18 0 11
17 3 0 3
18 0 0 15
19 9 0 1
27 24 0 9
32 14 0 4
35 0 0 9
1 9 0 10
24 25 0 13
15 12 0 6
7 13 0 11
14 8 0 9
7 26 0 15
8 24 0 14
16 29 0 5
5 3 0 2
26 1 0 3
5 18 0 9
16 21 0 8
5 36 0 17
30 6 0 16
36 20 0 18
24 6 0 5
12 29 0 5
25 8 0 3
24 28 0 5
16 33 0 16
8 1 0 7
24 32 0 6
7 0 0 9
1 8 0 16
24 23 0 13
32 10 0 3
15 1 0 20
15 26 0 16
30 28 0 8
25 8 0 14
22 16 0 18
22 19 0 7
21 26 0 15
19 5 0 17
1 7 0 18
19 3 0 18
5 33 0 20
36 12 0 1
0 20 0 6
8 23 0 3
12 9 0 18
33 9 0 8
12 9 0 4
6 28 0 3
9 8 0 19
35 27 0 15
13 10 0 3
6 9 0 10
4 25 0 19
30 33 0 14
27 9 0 15
33 20 0 16
7 32 0 5
21 1 0 10
34 26 0 19
3 2 0 4
26 15 0 8
24 0 0 13
12 4 0 4
20 12 0 12
30 17 0 17
11 13 0 9
17 20 0 6
32 20 0 2
16 17 0 14
9 35 0 11
7 3 0 9
15 27 0 9
25 3 0 15
24 1 0 20
19 31 0 18
16 21 0 19
18 1 0 5
8 34 0 17
36 14 0 5
17 1 0 6
0 8 0 8
13 1 0 5
5 27 0 13
15 14 0 14
1 11 0 15
3 27 0 17
19 23 0 19
19 31 0 14
31 30 0 7
24 10 0 5
31 25 0 2
25 17 0 15
3 22 0 7
6 15 0 6
26 16 0 3
18 20 0 14
16 2 0 7
30 36 0 11
20 31 0 3
1 33 0 2
21 27 0 16
13 31 0 3
6 34 0 15
4 19 0 7
31 8 0 1
10 4 0 4
16 20 0 6
8 28 0 2
24 26 0 2
18 28 0 18
16 12 0 6
2 3 0 7
21 24 0 17
25 6 0 15
22 0 0 19
35 10 0 3
32 4 0 3
9 27 0 1
22 14 0 20
8 11 0 9
12 27 0 12
21 8 0 12
25 30 0 5
26 33 0 7
9 33 0 13
15 31 0 11
3 4 0 20
33 28 0 20
10 29 0 19
14 0 0 5
9 27 0 15
10 11 0 19
36 14 0 9
27 18 0 19
25 5 0 11
2 20 0 2
4 23 0 6
32 34 0 10
29 23 0 18
4 0 0 4
26 25 0 13
17 35 0 14
17 12 0 15
24 17 0 14
6 21 0 3
20 23 0 10
22 27 0 7
29 0 0 10
5 8 0 1
10 12 0 7
15 16 0 11
10 34 0 1
9 29 0 12
23 16 0 20
19 0 0 8
20 36 0 20
19 21 0 10
20 13 0 18
34 18 0 2
33 28 0 5
11 21 0 19
14 9 0 3
30 19 0 3
21 5 0 20
30 24 0 11
21 22 0 20
16 20 0 20
36 3 0 3
13 0 0 20
35 12 0 2
32 23 0 2
24 16 0 2
27 9 0 9
8 31 0 5
20 24 0 6
10 24 0 4
0 3 0 19
11 18 0 9
13 31 0 5
12 8 0 6
18 3 0 2
30 5 0 12
29 33 0 20
11 19 0 4
13 17 0 8
2 27 0 19
29 5 0 6
2 31 0 1
31 23 0 13
23 35 0 4
5 16 0 10
10 24 0 20
10 32 0 18
19 6 0 6
0 19 0 15
5 36 0 8
27 29 0 15
1 9 0 5
8 3 0 11
25 26 0 4
34 31 0 15
3 20 0 19
15 30 0 7
0 12 0 19
20 12 0 7
4 32 0 13
9 22 0 7
20 2 0 19
3 10 0 11
31 35 0 17
35 11 0 4
34 14 0 12
21 7 0 17
17 23 0 6
20 6 0 2
19 25 0 8
18 35 0 10
24 33 0 6
18 36 0 4
15 8 0 11
16 21 0 12
12 19 0 16
6 18 0 13
30 35 0 10
7 33 0 4
11 31 0 2
25 12 0 2
3 15 0 19
19 33 0 17
24 26 0 6
6 5 0 1
35 33 0 9
35 2 0 16
6 11 0 13
36 33 0 5
14 23 0 4
2 11 0 2
18 29 0 4
30 12 0 9
34 14 0 19
31 20 0 2
27 34 0 14
21 10 0 18
17 16 0 9
5 31 0 20
27 8 0 17
5 25 0 19
33 6 0 14
32 14 0 1
27 11 0 15
26 20 0 5
31 25 0 16
31 9 0 3
34 27 0 9
26 10 0 5
30 0 0 14
4 6 0 17
20 17 0 19
29 13 0 18
27 18 0 18
3 8 0 20
15 2 0 13
16 33 0 16
13 9 0 18
20 13 0 11
35 6 0 2
22 26 0 4
11 9 0 14
22 1 0 10
9 29 0 16
23 10 0 7
19 25 0 20
4 20 0 9
14 33 0 10
28 31 0 15
16 30 0 1
5 30 0 7
14 4 0 3
4 26 0 4
22 36 0 9
22 0 0 8
7 19 0 3
32 2 0 20
30 31 0 13
17 22 0 12
16 2 0 4
21 22 0 3
32 36 0 13
15 4 0 10
14 26 0 18
20 11 0 7
36 19 0 16
34 29 0 2
0 23 0 8
15 3 0 16
2 34 0 15
34 35 0 7
22 30 0 7
14 23 0 9
11 15 0 6
0 13 0 8
11 28 0 19
20 25 0 6
30 26 0 9
13 4 0 17
18 21 0 5
3 18 0 4
10 3 0 12
31 17 0 1
5 7 0 16
20 7 0 15
24 34 0 16
26 17 0 1
4 25 0 10
36 1 0 7
33 19 0 3
6 0 0 13
36 25 0 19
16 20 0 6
4 3 0 2
22 23 0 4
32 25 0 19
18 14 0 6
30 34 0 15
8 33 0 4
6 29 0 2
24 36 0 1
9 13 0 17
11 29 0 19
9 11 0 4
29 12 0 9
20 7 0 1
22 26 0 4
5 34 0 10
13 20 0 20
0 26 0 2
7 14 0 9
8 1 0 20
19 27 0 1
6 0 0 18
18 29 0 5
31 27 0 8
10 13 0 19
4 33 0 14
10 24 0 11
34 24 0 19
7 10 0 10
0 18 0 12
0 15 0 12
15 21 0 18
19 2 0 19
35 11 0 16
21 36 0 2
12 19 0 19






22 166 2 18 10
16 21 1 7
14 20 1 3
8 20 1 19
16 21 1 15
8 14 1 12
17 8 1 13
7 5 1 1
7 20 1 20
21 10 1 5
4 12 1 19
4 5 0 4
16 19 0 19
9 4 0 5
21 20 0 14
13 7 0 20
16 0 0 4
0 6 0 16
8 13 0 20
20 10 0 3
16 12 0 1
6 17 0 14
18 11 0 2
6 20 0 2
14 19 0 6
17 8 0 15
12 2 0 8
15 0 0 10
20 9 0 11
2 7 0 11
16 21 0 9
18 5 0 12
4 1 0 10
7 5 0 20
16 17 0 6
21 12 0 20
10 2 0 15
19 16 0 1
13 14 0 4
20 14 0 11
12 6 0 10
16 1 0 12
14 5 0 15
1 10 0 15
6 2 0 10
9 1 0 7
17 9 0 15
3 6 0 7
13 18 0 2
9 14 0 6
9 2 0 15
9 19 0 12
14 9 0 15
18 10 0 13
6 16 0 3
12 2 0 14
6 17 0 2
2 20 0 16
15 11 0 7
16 18 0 11
11 4 0 4
11 13 0 13
12 3 0 2
16 19 0 16
8 4 0 10
2 14 0 18
18 20 0 3
19 0 0 11
2 13 0 11
4 5 0 5
21 15 0 1
16 2 0 16
6 13 0 13
3 7 0 7
12 14 0 11
11 14 0 19
13 8 0 13
9 3 0 11
4 6 0 1
8 10 0 2
6 7 0 5
9 21 0 12
0 3 0 5
13 6 0 10
3 16 0 20
19 6 0 5
1 19 0 1
5 6 0 19
5 10 0 17
17 18 0 17
13 3 0 7
1 10 0 16
14 8 0 2
16 21 0 16
4 2 0 3
3 19 0 15
15 20 0 18
14 1 0 10
14 5 0 11
20 0 0 9
12 13 0 10
12 13 0 10
10 3 0 1
11 20 0 18
18 2 0 5
18 3 0 6
2 19 0 17
3 9 0 4
11 21 0 7
3 17 0 18
13 7 0 1
3 18 0 10
2 6 0 8
8 15 0 18
14 11 0 2
0 6 0 19
3 8 0 2
3 10 0 7
5 19 0 12
11 0 0 1
16 13 0 15
13 14 0 19
20 17 0 9
9 3 0 18
18 17 0 13
7 15 0 17
20 17 0 4
5 20 0 6
20 3 0 9
11 13 0 15
18 7 0 4
8 18 0 7
16 17 0 4
6 4 0 15
11 1 0 7
3 6 0 18
1 2 0 11
7 6 0 6
20 2 0 13
10 13 0 12
20 7 0 8
19 15 0 4
13 9 0 3
20 13 0 12
9 0 0 19
13 4 0 17
10 4 0 6
1 9 0 6
10 7 0 8
0 15 0 3
2 13 0 13
9 10 0 14
12 0 0 2
9 18 0 19
10 5 0 20
10 18 0 8
12 5 0 20
17 4 0 19
6 14 0 14
17 12 0 13
20 12 0 18
6 21 0 8
5 10 0 10
16 19 0 19
15 7 0 4
16 15 0 9
19 5 0 18






24 132 9 6 31
5 7 1 12
17 11 1 10
18 8 1 20
5 7 1 15
7 13 1 4
6 7 1 3
9 18 1 9
22 14 1 14
14 3 1 18
17 4 1 12
8 9 1 11
18 19 1 10
4 13 1 10
11 10 1 9
6 18 1 18
21 16 1 17
3 18 1 20
11 16 1 10
20 22 1 10
5 7 1 6
20 16 1 12
2 3 1 19
19 8 1 8
20 11 1 6
12 17 1 8
2 6 1 5
14 1 1 11
21 12 1 3
11 0 1 18
12 5 1 1
9 17 1 1
16 19 0 1
18 14 0 9
1 2 0 4
3 15 0 6
6 9 0 8
2 15 0 2
16 5 0 6
15 16 0 7
4 20 0 12
8 5 0 14
21 14 0 9
13 8 0 4
13 10 0 6
16 5 0 5
5 3 0 18
1 22 0 6
22 6 0 3
23 13 0 11
1 17 0 3
9 2 0 12
2 15 0 2
6 4 0 15
17 9 0 5
23 1 0 14
19 23 0 9
17 0 0 3
6 14 0 18
0 13 0 19
2 15 0 1
0 16 0 7
11 18 0 18
21 16 0 18
7 10 0 3
19 1 0 8
4 20 0 15
16 5 0 15
3 11 0 5
12 3 0 19
10 21 0 14
18 13 0 2
20 1 0 8
21 14 0 12
10 13 0 18
16 0 0 3
16 4 0 12
14 20 0 5
5 15 0 9
9 19 0 4
11 22 0 2
4 8 0 15
13 5 0 8
0 18 0 10
4 5 0 7
9 21 0 7
16 13 0 19
11 20 0 16
19 1 0 19
23 2 0 7
7 14 0 9
4 18 0 9
14 0 0 10
2 0 0 13
19 4 0 14
2 6 0 7
8 22 0 9
19 9 0 17
10 20 0 18
16 12 0 4
18 19 0 6
10 15 0 9
11 5 0 1
8 7 0 13
8 3 0 6
4 5 0 16
0 13 0 6
8 0 0 11
4 10 0 15
17 19 0 7
16 5 0 2
22 16 0 1
14 19 0 3
14 19 0 10
22 4 0 9
11 9 0 6
6 9 0 8
15 9 0 12
1 5 0 19
8 22 0 14
18 7 0 15
0 5 0 3
12 19 0 6
6 1 0 14
0 23 0 10
12 3 0 15
6 9 0 1
5 17 0 14
20 10 0 12
14 10 0 14
3 5 0 13
22 21 0 18
0 1 0 5






26 85 24 25 22
13 2 1 5
18 12 1 19
9 16 1 12
21 22 1 17
25 3 1 3
7 0 1 3
4 17 1 9
3 2 1 9
9 11 1 7
3 10 1 10
19 23 1 10
3 17 1 9
10 1 1 19
5 23 1 3
15 24 1 18
24 6 1 11
16 10 1 4
6 16 1 6
16 25 1 13
7 2 1 2
22 23 1 3
16 0 1 5
24 12 0 4
22 18 0 5
19 7 0 12
20 7 0 2
22 23 0 8
15 5 0 8
15 24 0 15
25 5 0 9
22 3 0 14
17 21 0 7
5 19 0 13
20 16 0 9
8 11 0 19
21 5 0 20
14 2 0 12
20 19 0 17
15 8 0 13
12 10 0 10
10 6 0 6
8 25 0 13
5 6 0 13
18 0 0 19
23 11 0 18
11 6 0 19
6 23 0 9
1 17 0 7
2 6 0 5
2 18 0 9
10 5 0 4
19 15 0 19
25 23 0 4
1 15 0 12
19 14 0 1
22 25 0 10
5 8 0 3
17 9 0 20
23 13 0 4
16 18 0 7
16 2 0 4
1 23 0 5
10 24 0 12
1 0 0 9
20 19 0 18
25 16 0 7
12 21 0 5
22 14 0 7
23 14 0 8
6 4 0 2
8 22 0 2
17 24 0 1
15 10 0 16
10 13 0 18
23 9 0 9
24 8 0 7
24 22 0 18
9 18 0 19
3 17 0 11
12 24 0 11
16 6 0 19
21 0 0 11
24 15 0 13
1 2 0 4
4 1 0 4






10 38 3 7 13
4 6 1 15
0 4 1 8
0 6 1 1
8 6 1 7
2 7 1 2
8 7 1 10
6 2 1 13
2 5 1 17
3 8 1 10
8 2 1 9
5 8 1 5
0 8 1 12
9 0 1 8
1 8 0 7
7 3 0 4
0 1 0 3
0 9 0 15
5 3 0 3
3 6 0 13
2 6 0 7
0 4 0 15
7 6 0 16
8 5 0 6
7 9 0 7
5 8 0 2
0 9 0 3
3 2 0 15
8 9 0 18
3 2 0 7
6 5 0 5
2 5 0 9
9 2 0 5
4 2 0 13
1 2 0 12
7 9 0 12
8 0 0 12
3 5 0 4
9 6 0 13






-1 -1
4 0 19
17 18 0 1
10 22 0 17
16 7 0 12
15 5 0 4
5 25 0 3
20 26 0 19
11 6 0 8
17 10 0 10
19 24 0 10
16 0 0 2
19 2 0 9
11 12 0 3
20 13 0 18
3 0 0 19
26 6 0 1
16 10 0 7
23 21 0 9
14 10 0 3
3 13 0 20
20 14 0 8
26 5 0 3
22 0 0 15
24 20 0 4
6 23 0 13
8 6 0 11
20 6 0 17
14 1 0 11
14 15 0 9
9 18 0 19
16 23 0 13
19 21 0 14
13 27 0 10
16 23 0 19
19 1 0 14
7 22 0 20
1 26 0 19
18 25 0 20
16 11 0 4
20 4 0 18
22 20 0 13
26 12 0 14
19 9 0 9
24 25 0 1
11 1 0 6
16 8 0 20
12 22 0 3
2 12 0 20
5 12 0 11
24 16 0 20
2 11 0 16
18 9 0 8
24 13 0 10
0 10 0 3
12 5 0 8
10 5 0 5
13 17 0 3
15 3 0 3
26 21 0 3
5 1 0 7
16 3 0 10
3 22 0 8
3 2 0 1
24 2 0 3
26 15 0 12
14 9 0 13
10 22 0 7
12 22 0 10
26 20 0 19
8 9 0 13
6 9 0 20
16 13 0 6
19 16 0 4
19 24 0 3
13 6 0 14
12 20 0 3
12 2 0 1
2 14 0 15
8 12 0 20
6 4 0 13
6 11 0 3
22 27 0 16
3 2 0 12
15 21 0 20
13 6 0 2
10 2 0 11
16 14 0 5
16 1 0 4
11 9 0 16
10 15 0 17
18 6 0 12
8 0 0 3
23 15 0 5
10 14 0 2
21 11 0 16
23 21 0 18
17 9 0 4
25 26 0 9
20 21 0 6
12 3 0 2
20 21 0 8
27 14 0 8
1 21 0 7
21 4 0 18
2 9 0 17
17 4 0 15
6 21 0 8
5 19 0 18
6 23 0 19
15 7 0 2
24 27 0 12
23 10 0 18
6 23 0 19
5 0 0 19
1 2 0 5
10 19 0 9
12 9 0 15
20 15 0 14
9 21 0 13
8 20 0 9
21 17 0 16
0 12 0 19
5 19 0 18
20 24 0 11
6 26 0 9
18 20 0 5
19 5 0 10
13 9 0 17
10 18 0 14
2 10 0 3
2 4 0 8
26 4 0 12
4 22 0 11
17 26 0 15
3 4 0 1
20 23 0 6
12 26 0 15
13 11 0 16
14 21 0 10
19 23 0 5
17 10 0 5
16 8 0 9
0 24 0 7
14 25 0 9
25 1 0 14
1 5 0 17
26 17 0 7
0 14 0 18
23 0 0 7
21 4 0 6
17 5 0 4
1 22 0 20
13 22 0 20
7 8 0 18
0 17 0 19
9 3 0 8
13 1 0 17
27 14 0 15
24 9 0 12
26 14 0 12
24 3 0 5
3 16 0 11
3 2 0 13
10 22 0 2
15 22 0 11
5 16 0 18
0 1 0 4
8 13 0 6
19 21 0 11
26 20 0 10
9 16 0 17
25 19 0 18
20 6 0 20
8 17 0 10
1 4 0 16
12 22 0 16
25 6 0 6
12 15 0 3
25 6 0 4
4 16 0 8
24 25 0 12
21 6 0 16
2 10 0 14
13 3 0 3
18 4 0 4
2 16 0 14
1 14 0 12
14 10 0 15
12 8 0 9
16 24 0 17
11 21 0 6
23 26 0 17






10 2 6 3 2
1 8 1 10
2 1 1 12






-1 -1
