37 292 32 20 19
34 14 1 8
7 8 1 19
19 12 1 20
12 24 1 14
6 1 1 3
5 13 1 13
14 10 1 16
13 3 1 2
9 2 1 5
28 9 1 10
6 5 1 17
15 16 1 6
6 22 1 10
33 19 1 1
7 32 1 3
29 3 1 13
9 30 1 12
2 16 1 13
20 26 1 13
15 20 1 7
32 25 1 12
28 24 1 7
20 34 1 17
2 3 1 5
31 10 1 12
29 18 1 12
30 19 1 12
10 33 1 17
35 15 1 10
27 7 1 17
12 17 1 3
34 7 1 16
17 26 1 20
18 28 1 17
13 22 1 17
4 28 1 3
23 20 1 12
21 29 1 8
1 26 1 20
7 30 1 6
10 5 1 14
1 16 1 10
15 32 1 17
18 12 1 5
9 24 1 19
2 5 1 19
12 28 1 10
3 11 1 10
19 11 1 19
13 33 1 15
28 5 1 10
22 5 1 15
3 30 1 17
12 16 1 15
5 18 1 4
4 29 1 17
22 10 1 17
21 23 1 5
26 21 1 14
23 35 0 18
10 18 0 20
16 36 0 1
34 35 0 17
4 6 0 11
14 6 0 17
4 26 0 10
29 11 0 13
21 14 0 17
2 14 0 9
35 14 0 13
9 1 0 20
12 13 0 18
19 32 0 12
16 8 0 15
23 27 0 18
1 33 0 18
36 17 0 7
20 29 0 19
8 29 0 16
12 4 0 2
36 22 0 2
6 15 0 16
29 16 0 16
9 14 0 8
2 11 0 12
23 4 0 15
7 11 0 6
7 1 0 19
12 36 0 10
32 29 0 1
21 17 0 14
18 32 0 18
11 33 0 5
10 34 0 18
24 18 0 10
8 2 0 7
16 13 0 19
24 23 0 17
8 33 0 15
28 19 0 11
20 36 0 5
25 24 0 10
3 12 0 15
36 14 0 12
34 15 0 1
35 29 0 11
15 17 0 6
11 4 0 15
17 22 0 17
19 6 0 2
15 25 0 13
27 21 0 20
17 11 0 12
24 8 0 8
24 21 0 13
5 35 0 16
34 2 0 6
4 35 0 6
2 29 0 15
20 6 0 7
28 10 0 4
14 26 0 10
36 27 0 3
14 33 0 19
33 32 0 2
33 6 0 12
36 26 0 19
29 23 0 7
24 14 0 6
5 3 0 19
15 29 0 17
23 5 0 14
12 10 0 13
20 4 0 10
3 17 0 15
14 8 0 12
8 9 0 19
27 25 0 15
10 21 0 6
34 6 0 9
17 27 0 14
6 35 0 2
19 14 0 6
36 18 0 5
33 36 0 5
9 21 0 2
3 4 0 18
14 12 0 3
11 31 0 2
31 7 0 4
23 25 0 12
22 7 0 14
7 20 0 7
12 1 0 1
20 17 0 19
36 10 0 4
21 32 0 3
30 21 0 18
26 35 0 17
36 5 0 7
8 31 0 11
6 3 0 11
10 35 0 9
11 8 0 17
24 32 0 13
14 25 0 4
6 13 0 19
9 26 0 3
9 34 0 5
25 2 0 16
32 9 0 16
17 18 0 20
20 19 0 13
21 6 0 20
35 19 0 9
32 2 0 19
19 34 0 13
15 30 0 1
24 10 0 6
24 2 0 10
31 21 0 13
7 19 0 20
29 31 0 11
23 26 0 13
31 12 0 16
14 30 0 3
2 18 0 13
10 26 0 2
8 1 0 15
5 7 0 5
27 8 0 15
31 36 0 6
35 22 0 4
14 29 0 17
8 4 0 13
6 24 0 12
33 23 0 2
27 12 0 8
21 20 0 17
22 9 0 7
16 17 0 6
6 10 0 16
21 22 0 9
8 13 0 12
11 20 0 11
25 35 0 15
1 22 0 4
9 6 0 14
30 22 0 4
4 25 0 11
31 32 0 7
13 27 0 17
25 5 0 3
16 30 0 13
35 28 0 11
13 18 0 7
7 17 0 5
28 31 0 17
11 5 0 7
30 18 0 11
33 35 0 20
34 11 0 14
7 13 0 3
5 4 0 4
1 14 0 3
15 12 0 8
1 19 0 17
22 28 0 20
1 35 0 8
15 18 0 3
1 32 0 9
22 14 0 1
30 2 0 12
24 1 0 17
15 5 0 2
8 20 0 7
20 32 0 14
3 32 0 20
1 15 0 14
2 23 0 1
7 26 0 7
22 25 0 1
6 18 0 8
7 25 0 15
30 5 0 15
5 21 0 1
26 8 0 2
26 24 0 19
30 8 0 14
25 11 0 9
15 3 0 6
20 2 0 1
33 21 0 3
31 24 0 9
16 34 0 15
18 4 0 10
3 23 0 16
9 27 0 6
29 30 0 5
7 15 0 2
33 15 0 11
9 19 0 6
4 27 0 2
1 3 0 2
1 25 0 14
24 35 0 2
7 35 0 17
12 30 0 6
34 1 0 5
11 18 0 3
21 19 0 2
24 20 0 14
5 33 0 20
21 1 0 4
5 27 0 20
35 32 0 2
9 3 0 20
23 1 0 3
14 7 0 5
13 25 0 8
26 33 0 8
6 17 0 17
4 2 0 14
33 31 0 7
4 21 0 3
28 7 0 9
30 24 0 15
31 35 0 10
30 6 0 19
10 16 0 14
3 21 0 10
3 14 0 13






12 11 9 4 24
8 12 1 19
9 5 1 13
9 6 1 19
11 8 1 17
2 3 0 20
7 8 0 2
9 3 0 4
7 11 0 16
7 5 0 13
6 3 0 5
4 3 0 1






24 238 14 3 24
11 8 1 16
18 19 1 11
8 7 1 6
7 17 1 20
2 23 1 16
6 5 1 7
7 3 1 2
19 10 1 8
15 6 1 3
4 8 1 19
17 19 1 18
8 12 1 16
10 11 1 15
3 17 1 7
6 18 1 6
5 16 1 2
24 22 1 20
1 17 1 2
8 23 1 15
6 19 1 11
1 11 1 17
2 10 1 12
14 19 1 11
11 24 1 8
9 23 1 9
8 15 1 13
17 14 1 12
8 20 1 10
22 12 1 8
17 18 1 3
15 9 1 8
6 21 1 2
4 5 1 20
17 5 1 10
14 21 1 7
9 20 1 6
5 22 1 14
5 15 1 7
7 5 1 20
15 10 1 10
2 11 1 3
6 9 1 19
16 9 1 11
6 22 1 7
14 2 1 17
19 22 1 7
18 4 1 11
17 10 1 13
9 11 1 17
10 16 1 13
10 21 1 8
4 6 1 7
11 15 1 10
1 21 1 17
10 22 1 11
6 12 0 11
2 13 0 6
15 18 0 15
9 3 0 3
23 19 0 7
4 19 0 8
12 21 0 13
23 18 0 16
1 12 0 17
7 24 0 5
5 8 0 16
4 16 0 20
22 11 0 14
1 13 0 12
9 5 0 3
20 12 0 2
13 16 0 6
17 6 0 2
18 1 0 1
2 19 0 9
12 19 0 5
15 3 0 5
21 22 0 15
10 14 0 20
22 23 0 16
19 3 0 10
1 4 0 16
22 15 0 18
20 4 0 5
17 12 0 3
7 2 0 1
15 16 0 11
22 2 0 9
3 2 0 9
12 13 0 16
16 23 0 8
17 22 0 14
5 11 0 14
20 11 0 13
12 4 0 3
11 7 0 15
22 14 0 1
8 14 0 12
1 6 0 18
3 6 0 10
23 10 0 11
21 9 0 1
16 19 0 15
22 8 0 13
19 8 0 8
17 15 0 13
21 2 0 8
14 6 0 2
17 20 0 3
4 21 0 11
24 17 0 7
6 23 0 1
11 12 0 18
22 1 0 20
22 4 0 3
9 1 0 2
11 16 0 16
5 14 0 20
5 12 0 9
20 1 0 16
16 17 0 8
18 22 0 16
5 18 0 13
9 17 0 20
24 19 0 7
10 13 0 8
22 9 0 13
17 21 0 13
19 21 0 12
13 7 0 15
15 21 0 6
16 14 0 7
1 16 0 8
11 21 0 16
7 22 0 20
13 14 0 20
9 12 0 8
21 18 0 11
10 8 0 5
14 15 0 17
8 3 0 11
6 10 0 5
2 4 0 10
2 6 0 4
19 20 0 10
14 9 0 13
3 1 0 13
20 21 0 17
6 16 0 19
20 16 0 2
0 1 0 12
3 18 0 12
8 1 0 17
2 1 0 2
13 4 0 19
5 1 0 6
13 23 0 20
7 18 0 15
17 2 0 12
18 20 0 11
14 3 0 17
24 13 0 15
5 23 0 7
5 10 0 13
18 9 0 20
8 16 0 17
10 20 0 11
7 10 0 6
10 18 0 16
12 18 0 19
21 23 0 3
20 7 0 2
3 23 0 8
3 4 0 3
3 10 0 19
11 4 0 8
2 15 0 13
9 7 0 5
14 18 0 18
17 11 0 16
11 19 0 4
23 1 0 20
16 22 0 6
22 13 0 7
9 4 0 4
13 19 0 2
14 11 0 10
20 13 0 12
12 23 0 15
6 8 0 20
14 1 0 2
6 20 0 10
20 2 0 15
19 15 0 15
7 23 0 9
11 18 0 9
10 12 0 15
21 3 0 9
2 18 0 11
21 5 0 10
9 2 0 18
15 7 0 2
13 3 0 19
15 1 0 14
13 18 0 15
7 16 0 9
19 9 0 11
15 13 0 4
6 11 0 12
23 11 0 20
23 17 0 19
23 15 0 4
20 23 0 12
12 3 0 4
2 16 0 3
19 7 0 11
4 17 0 2
4 15 0 15
8 2 0 12
8 9 0 14
5 24 0 5
15 12 0 19
12 2 0 17
21 8 0 18
13 17 0 9
16 12 0 3
10 9 0 9
6 13 0 13
3 16 0 8
8 18 0 16
13 8 0 17
6 7 0 2
23 4 0 14
10 1 0 16
13 21 0 19
19 5 0 14
1 7 0 12
14 23 0 8






25 273 15 16 8
18 19 1 20
11 12 1 4
19 5 1 16
5 21 1 1
17 3 1 11
3 20 1 5
23 24 1 4
9 5 1 2
16 22 1 11
7 12 1 3
13 5 1 11
3 19 1 14
23 12 1 9
13 16 1 11
3 12 1 20
24 12 1 20
12 22 1 9
10 12 1 18
2 18 1 4
4 5 1 16
25 9 1 9
7 8 1 12
23 20 1 19
11 2 1 12
23 4 1 5
9 4 1 3
18 16 1 9
9 2 1 2
21 4 1 14
19 7 1 1
1 8 1 1
24 18 1 19
10 15 1 20
13 2 1 18
1 10 1 12
14 5 1 19
22 13 1 5
19 10 1 5
5 6 1 6
12 6 1 3
2 16 1 20
11 5 1 6
24 6 1 17
16 7 1 4
14 20 1 13
17 11 1 13
11 22 1 4
6 16 1 9
1 2 1 18
23 19 1 7
6 8 1 13
20 9 1 5
23 2 1 18
4 8 1 17
10 16 1 2
10 17 1 15
25 16 1 7
18 21 1 11
5 18 1 11
11 15 1 5
5 2 1 4
20 7 1 20
16 8 1 6
8 11 1 11
18 6 1 4
6 13 1 3
1 18 1 14
24 13 1 5
12 5 1 17
22 3 1 8
21 2 1 9
16 19 1 4
19 2 1 4
9 10 1 1
20 4 1 13
15 4 1 7
8 14 1 4
5 15 1 11
8 10 1 14
17 22 1 20
7 6 1 6
8 5 1 10
13 1 1 20
24 19 1 20
15 3 0 15
10 7 0 19
10 14 0 18
24 7 0 12
13 17 0 15
15 8 0 8
4 17 0 1
10 13 0 12
24 22 0 20
19 14 0 1
7 17 0 18
3 16 0 13
4 16 0 16
21 8 0 2
21 3 0 7
17 14 0 16
11 14 0 16
19 21 0 4
15 2 0 4
5 22 0 8
14 6 0 9
4 1 0 16
25 3 0 1
8 13 0 1
10 18 0 18
3 11 0 1
18 7 0 6
7 22 0 11
20 25 0 1
17 20 0 15
11 21 0 13
15 6 0 7
4 6 0 16
14 1 0 8
3 6 0 10
5 16 0 7
7 3 0 9
4 24 0 4
3 13 0 8
12 25 0 5
14 12 0 2
23 1 0 9
4 22 0 19
17 25 0 14
8 17 0 2
15 14 0 2
24 15 0 17
23 5 0 15
7 2 0 20
21 6 0 17
18 15 0 5
14 4 0 3
15 19 0 15
4 10 0 11
9 7 0 17
23 15 0 19
13 12 0 12
17 24 0 3
15 16 0 9
19 1 0 6
0 1 0 20
11 13 0 13
21 7 0 16
8 24 0 5
14 18 0 3
1 20 0 13
24 9 0 6
18 22 0 18
6 20 0 11
8 23 0 12
2 10 0 18
9 14 0 19
16 17 0 10
17 6 0 20
17 15 0 14
3 18 0 5
11 1 0 8
19 20 0 6
13 9 0 17
21 14 0 5
3 24 0 2
12 15 0 18
4 3 0 10
22 1 0 8
11 23 0 18
20 22 0 19
20 13 0 7
16 11 0 4
11 10 0 8
22 10 0 13
10 21 0 10
2 6 0 4
17 12 0 13
25 6 0 17
22 19 0 6
20 11 0 16
21 23 0 17
18 20 0 18
22 8 0 15
8 25 0 16
15 1 0 18
24 5 0 17
16 14 0 1
19 12 0 12
23 3 0 2
2 12 0 7
11 19 0 6
4 19 0 7
15 20 0 15
6 22 0 12
1 9 0 5
2 14 0 6
21 22 0 10
9 18 0 3
21 25 0 19
23 7 0 17
20 2 0 15
1 24 0 18
21 17 0 3
2 8 0 1
10 20 0 12
23 6 0 10
24 2 0 15
3 9 0 12
8 9 0 4
9 22 0 20
21 20 0 20
6 1 0 18
7 4 0 4
15 13 0 12
13 18 0 15
3 8 0 9
11 24 0 2
22 15 0 11
12 1 0 16
5 7 0 5
17 18 0 14
15 21 0 15
1 3 0 19
10 23 0 13
5 20 0 1
17 9 0 13
3 5 0 18
4 2 0 8
12 20 0 2
11 7 0 4
14 3 0 9
18 8 0 18
23 18 0 10
9 23 0 9
7 14 0 7
4 11 0 7
1 17 0 8
20 24 0 9
6 11 0 15
23 22 0 7
3 10 0 9
20 8 0 1
1 7 0 6
17 19 0 20
12 8 0 5
5 1 0 6
6 10 0 13
21 1 0 18
5 10 0 14
9 6 0 11
4 12 0 20
13 7 0 14
23 17 0 12
2 17 0 5
13 14 0 8
5 17 0 13
13 4 0 13
24 21 0 5
24 16 0 14
16 20 0 15
8 19 0 8
24 14 0 5
9 15 0 13
10 25 0 20
16 1 0 6
11 18 0 13
12 16 0 18
9 19 0 9
15 7 0 18
18 25 0 16
23 14 0 9
13 19 0 7
11 9 0 1






10 4 1 2 23
4 3 1 6
0 1 0 20
5 3 0 14
2 3 0 18






38 414 21 32 9
19 22 1 2
29 32 1 16
27 6 1 3
10 26 1 18
3 35 1 10
11 21 0 10
4 3 0 14
35 19 0 6
18 27 0 11
1 36 0 13
32 17 0 20
24 23 0 17
33 12 0 6
29 37 0 7
34 2 0 11
1 28 0 7
24 31 0 9
21 5 0 1
11 23 0 14
31 1 0 19
13 32 0 1
34 11 0 3
14 17 0 17
18 12 0 10
35 28 0 3
33 13 0 3
28 34 0 16
24 22 0 6
3 30 0 14
18 5 0 5
4 20 0 18
35 32 0 10
33 7 0 5
30 24 0 18
5 20 0 20
34 20 0 15
27 21 0 20
20 2 0 4
13 35 0 2
26 7 0 2
12 36 0 16
26 3 0 5
27 4 0 15
30 1 0 18
25 30 0 8
2 7 0 17
37 25 0 13
4 28 0 2
13 5 0 15
7 11 0 12
9 10 0 9
31 14 0 8
13 6 0 14
34 30 0 5
30 8 0 3
20 11 0 9
17 26 0 18
2 32 0 17
32 24 0 5
27 37 0 12
25 23 0 6
33 14 0 19
28 11 0 18
27 28 0 11
29 17 0 19
21 35 0 14
11 32 0 5
26 32 0 11
20 28 0 8
37 17 0 8
26 22 0 3
26 1 0 3
18 21 0 9
6 10 0 14
6 36 0 9
16 2 0 20
10 21 0 4
33 35 0 2
7 18 0 17
24 21 0 18
36 17 0 2
20 18 0 9
28 24 0 18
28 17 0 19
24 27 0 9
9 37 0 8
26 5 0 3
27 12 0 18
18 13 0 11
20 31 0 13
31 29 0 17
29 18 0 8
24 7 0 8
20 8 0 10
30 16 0 17
21 20 0 3
12 24 0 20
19 11 0 19
35 9 0 20
10 17 0 10
27 8 0 19
14 5 0 19
6 34 0 12
34 17 0 13
5 6 0 13
6 18 0 19
33 37 0 6
32 33 0 10
1 20 0 18
36 37 0 2
12 3 0 7
16 22 0 10
16 33 0 4
12 16 0 7
16 37 0 9
1 32 0 11
12 25 0 1
9 25 0 13
6 22 0 5
3 11 0 6
7 20 0 2
15 36 0 7
33 34 0 19
32 12 0 16
28 23 0 12
13 31 0 18
19 32 0 17
23 14 0 17
21 9 0 5
13 2 0 3
15 14 0 6
15 7 0 9
8 13 0 1
3 25 0 11
34 37 0 1
18 1 0 4
5 23 0 15
11 12 0 17
20 26 0 18
23 2 0 10
13 27 0 20
35 4 0 10
10 15 0 3
16 32 0 15
21 37 0 19
17 20 0 14
22 9 0 4
28 29 0 13
25 13 0 5
23 31 0 11
37 18 0 8
7 32 0 11
32 23 0 15
6 12 0 14
5 33 0 14
8 34 0 12
14 32 0 7
12 26 0 10
2 6 0 14
30 35 0 13
16 7 0 5
30 28 0 8
12 10 0 11
11 17 0 4
18 9 0 9
4 5 0 16
24 16 0 3
31 18 0 20
10 7 0 2
36 14 0 18
2 36 0 2
15 25 0 13
1 35 0 2
4 14 0 6
32 18 0 8
9 19 0 4
27 11 0 3
13 20 0 5
3 33 0 11
26 25 0 4
9 7 0 14
6 1 0 9
24 25 0 7
19 14 0 13
25 4 0 4
21 15 0 10
8 15 0 7
1 33 0 19
29 20 0 5
22 18 0 4
31 10 0 13
1 29 0 10
21 31 0 15
33 36 0 2
7 4 0 4
23 26 0 19
5 15 0 8
35 7 0 13
25 7 0 11
7 5 0 13
29 4 0 3
28 14 0 16
19 6 0 15
20 12 0 19
19 16 0 2
23 8 0 8
30 23 0 20
36 29 0 4
9 20 0 15
29 2 0 12
15 4 0 1
7 23 0 10
17 18 0 16
9 27 0 16
28 31 0 2
2 37 0 14
1 7 0 13
8 21 0 6
12 14 0 3
17 35 0 13
3 37 0 5
6 7 0 1
21 13 0 20
25 11 0 20
4 12 0 6
26 2 0 6
22 5 0 16
37 7 0 8
2 27 0 13
3 16 0 9
36 25 0 7
8 29 0 18
35 5 0 7
36 31 0 5
1 12 0 17
34 27 0 12
1 16 0 16
26 19 0 1
20 24 0 14
7 19 0 2
34 18 0 10
30 9 0 8
32 9 0 13
17 33 0 17
6 3 0 14
12 7 0 12
37 28 0 7
16 31 0 1
22 12 0 8
3 34 0 8
10 29 0 15
13 36 0 1
19 8 0 19
1 24 0 19
29 7 0 17
6 30 0 13
22 32 0 5
8 32 0 15
6 28 0 6
7 17 0 9
31 8 0 11
32 30 0 3
23 13 0 4
23 36 0 12
36 26 0 14
35 10 0 17
18 35 0 13
12 28 0 9
31 37 0 8
19 21 0 2
17 2 0 20
4 22 0 10
26 18 0 7
22 13 0 12
19 20 0 3
2 12 0 12
13 30 0 4
36 7 0 13
26 27 0 19
7 31 0 16
12 34 0 5
4 17 0 7
16 29 0 20
20 27 0 14
35 20 0 9
9 26 0 19
11 18 0 16
15 3 0 20
4 32 0 4
19 17 0 1
20 3 0 15
12 30 0 13
35 11 0 2
25 5 0 3
8 3 0 19
28 19 0 20
9 4 0 5
36 28 0 2
15 37 0 5
35 25 0 16
13 17 0 2
11 10 0 8
17 12 0 8
3 19 0 18
26 4 0 12
17 30 0 9
3 13 0 17
8 17 0 20
19 1 0 15
14 20 0 2
13 12 0 5
26 37 0 10
2 31 0 19
2 30 0 16
36 32 0 11
33 18 0 5
16 5 0 11
22 11 0 3
30 27 0 10
14 6 0 16
10 24 0 15
4 21 0 18
26 31 0 19
10 25 0 3
27 7 0 11
17 9 0 7
4 31 0 8
10 37 0 14
25 20 0 1
31 35 0 7
24 18 0 3
14 13 0 8
6 20 0 2
26 33 0 15
31 6 0 19
30 22 0 15
15 24 0 11
23 17 0 11
25 34 0 17
26 21 0 11
2 21 0 11
7 13 0 7
7 14 0 14
14 22 0 20
28 25 0 19
8 12 0 16
14 35 0 6
34 19 0 6
25 18 0 1
21 17 0 19
15 11 0 15
37 22 0 7
13 9 0 6
20 33 0 19
29 33 0 15
11 8 0 9
19 10 0 7
37 12 0 19
19 25 0 14
25 31 0 9
10 27 0 2
31 30 0 13
32 10 0 3
37 11 0 17
1 2 0 8
35 27 0 5
24 35 0 9
16 17 0 17
9 29 0 19
15 28 0 12
35 8 0 20
36 4 0 9
5 19 0 6
21 36 0 19
36 10 0 9
27 33 0 11
6 25 0 1
15 27 0 11
21 6 0 4
30 37 0 17
9 16 0 16
35 15 0 5
22 7 0 14
2 24 0 8
21 7 0 5
34 1 0 3
37 13 0 16
13 1 0 2
32 20 0 20
15 19 0 12
13 15 0 15
23 3 0 7
2 25 0 10
22 25 0 8
35 16 0 3
14 3 0 19
4 33 0 16
35 23 0 9
34 22 0 3
30 18 0 10
36 20 0 12
21 1 0 5
23 34 0 20
18 3 0 1
13 24 0 11
28 33 0 8
22 20 0 1
29 30 0 7
29 35 0 7
21 16 0 16
24 33 0 10
23 1 0 15
19 18 0 4
12 23 0 16






19 41 17 13 11
11 8 1 11
14 17 1 10
8 16 1 13
16 1 0 11
11 5 0 8
9 10 0 6
3 18 0 11
13 4 0 1
7 13 0 16
1 4 0 2
9 15 0 16
16 3 0 6
2 18 0 12
2 15 0 17
11 6 0 17
19 13 0 3
8 15 0 4
1 5 0 6
2 8 0 3
11 7 0 1
1 8 0 13
4 15 0 1
5 16 0 11
14 4 0 8
16 6 0 16
2 6 0 3
14 10 0 14
5 10 0 15
17 15 0 9
3 14 0 20
18 9 0 5
9 5 0 15
6 12 0 4
11 13 0 19
11 10 0 18
3 9 0 4
13 9 0 20
16 17 0 9
6 17 0 1
13 8 0 18
1 18 0 19






19 47 9 3 8
7 4 1 16
12 8 1 2
18 1 1 6
3 5 1 19
6 7 1 11
17 1 1 9
2 8 1 5
13 9 1 7
17 9 1 5
3 8 1 17
15 11 1 7
14 1 1 17
2 18 1 11
3 17 1 17
2 3 1 18
12 16 0 19
14 18 0 2
7 8 0 11
1 5 0 9
5 8 0 9
14 13 0 13
5 14 0 2
15 16 0 1
6 15 0 7
5 7 0 2
2 17 0 14
6 3 0 18
12 3 0 6
10 5 0 18
11 7 0 17
5 11 0 4
17 4 0 16
4 6 0 6
12 11 0 12
14 9 0 16
14 11 0 1
9 12 0 9
12 13 0 2
15 17 0 8
10 11 0 3
17 14 0 1
16 7 0 13
18 12 0 18
17 11 0 2
13 7 0 4
11 9 0 9
17 6 0 4






17 75 6 2 8
12 15 1 6
4 10 1 7
11 8 1 6
4 6 1 14
12 6 1 20
4 1 1 15
17 8 1 6
14 3 0 3
15 6 0 15
4 13 0 2
5 16 0 10
0 1 0 18
17 12 0 18
13 15 0 4
5 1 0 11
12 8 0 17
13 7 0 11
12 3 0 4
16 11 0 2
16 6 0 14
16 14 0 10
10 9 0 2
11 13 0 4
2 15 0 16
1 10 0 14
9 13 0 20
2 6 0 17
10 11 0 8
3 9 0 9
15 14 0 7
14 7 0 8
3 8 0 15
15 16 0 12
1 11 0 15
5 4 0 16
6 7 0 14
10 12 0 7
11 12 0 12
10 13 0 7
8 9 0 13
5 2 0 14
16 3 0 14
7 15 0 18
4 8 0 1
12 14 0 7
5 14 0 16
1 16 0 12
1 7 0 14
1 2 0 1
12 9 0 3
9 6 0 4
6 5 0 3
5 13 0 17
4 12 0 6
6 14 0 12
15 5 0 1
16 13 0 14
15 10 0 8
16 9 0 17
5 12 0 17
10 7 0 17
1 13 0 18
6 11 0 9
14 1 0 6
7 11 0 8
4 16 0 8
17 10 0 20
3 1 0 8
7 9 0 18
14 11 0 12
7 2 0 16
2 8 0 4
5 8 0 2
11 4 0 3
2 11 0 10






27 235 18 25 19
2 26 1 4
25 14 1 1
17 4 1 5
10 25 1 15
19 2 1 16
6 23 1 7
16 15 1 4
9 17 1 9
14 4 1 15
21 1 1 18
15 19 1 1
11 16 1 12
3 22 1 1
7 4 1 12
18 12 1 9
26 6 1 10
12 21 1 18
22 2 1 15
7 5 1 7
21 25 1 13
23 12 1 8
11 12 1 5
13 3 1 20
6 25 1 19
13 16 1 13
5 14 1 8
24 25 1 9
4 9 1 4
15 24 1 2
4 8 1 19
26 19 1 13
10 20 1 13
15 25 1 19
13 10 1 2
10 3 1 13
9 19 1 2
22 8 1 7
16 14 1 8
20 13 1 6
24 11 1 10
3 26 1 4
8 10 1 17
15 7 1 20
19 18 1 17
18 23 1 5
3 1 1 7
18 4 1 18
4 10 1 7
15 23 1 7
19 17 1 20
1 8 1 17
17 6 1 19
18 8 1 16
14 1 1 8
25 4 1 13
9 7 1 14
6 8 1 5
1 15 1 14
4 24 1 16
14 15 1 6
7 19 1 13
11 21 1 18
1 16 1 19
18 10 1 1
9 10 1 12
17 18 1 19
23 17 1 18
23 21 1 11
7 24 1 9
17 3 1 17
9 25 1 7
20 26 1 12
10 16 1 2
8 25 1 16
1 27 1 4
12 22 1 3
20 17 1 18
20 16 1 8
8 2 1 10
7 20 1 15
7 16 1 19
26 12 1 9
20 24 1 17
23 5 1 5
11 25 1 9
26 5 1 4
5 4 1 5
22 5 1 9
5 25 1 20
20 4 1 18
15 26 1 10
27 25 1 1
5 15 1 18
4 2 1 1
4 22 1 8
9 18 1 8
14 22 1 1
20 12 1 4
3 23 0 14
12 1 0 12
14 13 0 6
13 24 0 1
4 16 0 5
6 11 0 14
26 13 0 5
17 25 0 6
10 15 0 14
21 16 0 20
25 2 0 20
11 17 0 12
23 20 0 10
23 4 0 10
10 26 0 4
16 27 0 18
6 7 0 17
15 2 0 6
23 9 0 7
16 23 0 15
23 22 0 20
6 4 0 9
4 12 0 13
19 27 0 7
23 19 0 20
16 8 0 17
17 2 0 10
27 5 0 20
2 16 0 6
21 26 0 15
14 20 0 20
8 3 0 12
17 8 0 11
2 9 0 19
26 23 0 20
9 14 0 5
15 13 0 3
24 14 0 13
25 26 0 19
6 12 0 5
13 8 0 11
26 11 0 15
3 19 0 14
13 6 0 14
24 3 0 5
3 5 0 20
7 21 0 6
7 23 0 11
3 12 0 8
8 24 0 1
11 2 0 13
16 17 0 11
7 2 0 10
24 18 0 13
3 20 0 1
9 24 0 6
15 3 0 8
1 6 0 2
11 14 0 13
24 6 0 14
11 9 0 18
14 6 0 19
16 18 0 12
26 16 0 12
1 13 0 5
8 9 0 1
24 12 0 19
24 22 0 16
1 22 0 4
19 13 0 9
22 17 0 14
3 4 0 2
10 17 0 7
3 25 0 13
16 24 0 9
13 7 0 17
18 3 0 8
1 4 0 12
24 19 0 7
13 21 0 19
1 19 0 7
1 25 0 1
1 18 0 19
8 19 0 8
12 19 0 5
20 9 0 8
1 10 0 12
11 22 0 17
18 11 0 19
12 17 0 16
6 16 0 3
10 6 0 6
4 13 0 13
4 21 0 6
1 11 0 15
20 21 0 6
5 20 0 14
11 15 0 18
4 19 0 11
11 20 0 16
18 13 0 6
17 24 0 4
6 22 0 2
26 8 0 2
3 9 0 7
25 7 0 7
3 7 0 13
26 9 0 6
16 22 0 18
21 9 0 20
15 12 0 17
22 10 0 4
10 14 0 9
3 11 0 7
5 10 0 12
12 16 0 18
17 21 0 20
22 19 0 11
15 22 0 18
6 15 0 9
22 7 0 18
9 16 0 4
19 16 0 16
1 20 0 15
8 14 0 20
0 1 0 18
5 16 0 8
13 5 0 14
7 12 0 13
3 27 0 1
9 22 0 15
8 21 0 7
12 14 0 19
21 14 0 5
1 9 0 6
9 5 0 6
4 15 0 7






-1 -1
