23 124 16 6 14
21 6 1 4
20 0 1 13
15 2 1 17
5 14 1 14
1 7 1 7
0 1 1 1
14 4 1 4
7 15 1 14
11 19 1 17
8 6 1 11
14 5 1 20
7 2 1 19
3 17 1 16
1 16 1 5
1 17 0 7
11 12 0 11
6 3 0 10
11 10 0 13
5 22 0 17
5 1 0 16
11 9 0 7
17 11 0 10
17 8 0 3
14 9 0 7
1 10 0 10
19 21 0 15
9 4 0 8
20 9 0 11
18 14 0 17
12 13 0 2
14 18 0 18
14 12 0 9
16 1 0 7
6 15 0 8
18 16 0 6
12 6 0 18
18 9 0 2
4 7 0 3
1 19 0 16
14 9 0 15
22 0 0 4
0 14 0 12
5 1 0 19
19 7 0 12
18 19 0 8
11 8 0 20
20 3 0 16
4 2 0 20
20 3 0 12
5 12 0 14
21 5 0 3
9 5 0 7
9 5 0 13
5 1 0 17
21 19 0 15
19 2 0 10
1 16 0 14
15 14 0 8
7 11 0 14
18 11 0 7
10 9 0 8
3 18 0 8
4 21 0 14
0 3 0 17
10 19 0 12
11 15 0 1
14 16 0 9
20 2 0 17
0 9 0 20
6 22 0 4
18 9 0 16
12 6 0 7
0 10 0 12
22 5 0 3
16 9 0 18
1 20 0 16
4 11 0 2
1 3 0 9
11 3 0 6
4 3 0 19
8 21 0 9
21 4 0 20
0 5 0 8
1 21 0 7
5 9 0 5
22 4 0 7
14 8 0 4
11 3 0 8
11 9 0 11
14 13 0 14
15 16 0 15
15 14 0 1
4 9 0 20
21 4 0 5
19 9 0 15
21 8 0 10
15 16 0 14
20 22 0 5
22 10 0 10
21 18 0 20
6 5 0 19
0 20 0 14
15 2 0 2
13 17 0 15
3 7 0 15
2 6 0 3
22 21 0 14
4 12 0 10
13 5 0 11
8 3 0 2
11 3 0 5
0 3 0 5
4 18 0 4
11 2 0 18
22 5 0 5
13 1 0 2
6 0 0 15
10 5 0 7
12 18 0 9
2 21 0 11
3 9 0 10
10 3 0 16
14 8 0 6
8 13 0 6






18 64 3 2 23
9 0 1 3
1 2 1 7
16 15 1 20
1 3 1 4
13 14 1 14
13 3 1 8
16 9 1 6
8 12 1 7
16 7 1 5
15 10 1 7
13 0 1 3
5 0 1 14
1 16 1 11
6 17 1 8
14 11 1 8
1 6 1 18
12 4 1 3
13 10 1 17
11 9 1 16
17 6 1 13
5 17 1 15
12 4 1 17
1 5 1 17
3 10 0 12
8 6 0 13
8 5 0 18
9 15 0 10
17 10 0 11
17 3 0 12
8 0 0 8
8 5 0 4
6 17 0 4
6 16 0 4
4 1 0 2
0 8 0 6
6 16 0 9
1 5 0 6
15 2 0 6
5 17 0 3
2 5 0 1
5 12 0 18
6 0 0 10
10 7 0 16
1 9 0 12
0 7 0 12
5 12 0 16
13 11 0 1
16 8 0 1
9 13 0 12
5 15 0 1
17 1 0 1
0 5 0 18
14 15 0 3
13 16 0 8
8 16 0 6
13 1 0 8
12 14 0 3
16 10 0 2
2 1 0 13
3 4 0 13
9 3 0 16
10 2 0 9
11 17 0 9
17 12 0 13






12 19 11 9 9
4 0 1 16
5 3 1 14
9 0 1 12
3 4 1 1
7 0 1 15
11 3 1 9
7 4 1 20
4 8 1 17
11 8 1 1
5 11 0 11
11 4 0 7
6 9 0 18
4 10 0 10
7 1 0 7
0 1 0 15
2 4 0 11
6 3 0 15
5 7 0 19
1 10 0 15






19 15 10 11 13
16 0 1 6
8 3 1 14
17 7 1 14
12 18 1 14
18 1 1 20
11 6 1 14
5 1 1 19
0 14 1 20
16 7 1 1
7 15 1 13
9 12 1 3
12 17 1 10
11 15 1 7
1 8 0 10
5 4 0 20






28 298 6 25 24
20 23 1 20
27 22 1 1
9 22 1 10
5 26 1 10
27 0 1 7
4 2 1 18
23 16 1 2
24 22 1 11
6 25 1 11
2 3 1 16
4 23 1 19
19 7 1 13
3 0 1 20
8 6 1 10
1 17 1 3
23 6 1 5
25 1 1 13
6 9 1 15
5 27 1 16
2 3 1 8
23 19 1 7
9 10 1 18
6 13 1 19
20 21 1 5
18 6 0 10
16 1 0 20
16 10 0 13
17 1 0 15
11 6 0 14
15 21 0 5
10 16 0 4
24 26 0 6
18 16 0 7
24 21 0 12
8 11 0 6
21 12 0 12
13 0 0 6
17 1 0 7
19 25 0 1
5 12 0 15
5 6 0 19
25 2 0 9
10 4 0 17
9 0 0 2
12 20 0 18
22 14 0 14
17 11 0 6
6 0 0 20
25 20 0 17
5 9 0 17
7 26 0 15
26 23 0 1
10 18 0 2
11 27 0 18
16 23 0 3
17 1 0 17
2 18 0 4
16 9 0 12
15 6 0 20
22 23 0 1
27 3 0 16
9 13 0 11
21 23 0 1
22 18 0 16
8 19 0 16
2 20 0 1
22 23 0 16
25 23 0 5
0 22 0 7
20 1 0 2
20 0 0 17
19 9 0 18
26 14 0 6
22 21 0 20
2 1 0 3
5 15 0 12
8 9 0 3
0 18 0 10
16 2 0 4
6 22 0 5
20 15 0 5
8 18 0 14
10 16 0 12
19 11 0 1
2 13 0 2
5 2 0 5
12 23 0 10
14 24 0 8
23 24 0 3
26 15 0 5
2 7 0 4
18 27 0 19
15 21 0 11
10 12 0 18
11 27 0 11
12 16 0 13
13 12 0 9
22 26 0 9
6 5 0 1
8 15 0 4
0 17 0 11
8 19 0 7
5 6 0 20
20 0 0 9
2 11 0 12
24 8 0 16
4 5 0 20
9 11 0 18
21 17 0 19
17 9 0 10
13 10 0 15
15 18 0 18
1 24 0 4
25 0 0 12
1 2 0 8
20 27 0 12
11 16 0 9
14 9 0 20
11 2 0 6
1 3 0 15
18 16 0 17
8 16 0 15
5 17 0 19
4 26 0 20
19 27 0 6
14 3 0 1
17 26 0 17
9 24 0 6
13 7 0 12
6 20 0 12
20 10 0 16
1 18 0 16
27 7 0 2
6 11 0 12
13 15 0 16
22 13 0 3
27 3 0 14
19 24 0 2
21 9 0 10
8 27 0 2
27 4 0 1
19 5 0 3
10 4 0 7
3 22 0 14
7 19 0 9
10 14 0 19
0 25 0 14
17 16 0 18
15 9 0 20
20 18 0 3
17 1 0 19
9 4 0 20
4 27 0 5
18 14 0 19
15 21 0 7
12 15 0 17
22 0 0 6
19 17 0 2
24 16 0 8
11 8 0 10
26 10 0 19
12 3 0 20
20 7 0 3
0 25 0 9
2 25 0 19
24 9 0 2
16 15 0 10
21 18 0 8
27 14 0 16
25 26 0 17
27 8 0 19
1 20 0 6
20 24 0 14
10 24 0 7
26 27 0 20
21 23 0 13
14 12 0 12
24 17 0 14
19 0 0 17
18 10 0 11
10 9 0 7
24 11 0 7
14 3 0 20
23 26 0 20
1 9 0 11
5 14 0 15
1 0 0 3
25 8 0 20
10 27 0 9
10 2 0 15
8 24 0 1
26 5 0 16
9 19 0 19
16 26 0 5
3 27 0 10
18 16 0 8
12 2 0 9
2 27 0 13
9 21 0 17
1 4 0 11
4 24 0 19
0 23 0 20
7 16 0 3
13 16 0 1
18 19 0 1
3 21 0 5
27 5 0 3
23 19 0 10
11 1 0 20
11 14 0 12
13 18 0 4
24 2 0 15
23 21 0 3
14 7 0 7
2 25 0 19
2 12 0 16
19 11 0 18
9 18 0 17
23 2 0 10
18 13 0 9
13 11 0 7
20 19 0 6
7 14 0 3
9 12 0 14
0 27 0 7
10 1 0 20
25 20 0 3
2 14 0 14
27 21 0 4
8 23 0 13
20 8 0 12
19 0 0 19
20 7 0 14
14 1 0 18
16 1 0 5
10 11 0 7
5 20 0 15
24 23 0 13
5 6 0 6
0 14 0 9
8 19 0 5
24 10 0 10
1 2 0 17
7 0 0 2
9 16 0 3
25 27 0 10
27 16 0 19
18 24 0 10
10 1 0 20
20 13 0 18
12 6 0 13
25 2 0 15
10 16 0 17
26 24 0 6
4 17 0 14
22 14 0 9
24 26 0 2
2 16 0 2
15 10 0 4
6 14 0 5
23 27 0 15
4 8 0 17
6 2 0 2
23 0 0 2
12 16 0 15
1 11 0 17
18 19 0 15
7 21 0 3
20 8 0 6
19 26 0 8
4 21 0 11
6 9 0 19
27 16 0 13
20 23 0 10
21 7 0 14
11 8 0 5
15 10 0 16
14 1 0 17
0 22 0 17
21 25 0 15
17 13 0 9
23 20 0 2
22 3 0 10
10 7 0 1
11 0 0 20
1 11 0 13
1 10 0 7
5 24 0 17
13 9 0 3
1 2 0 20
16 19 0 2
8 27 0 6
10 21 0 17
11 15 0 20
8 27 0 8
23 12 0 15
3 25 0 17
6 14 0 14






22 203 17 18 14
2 11 1 19
18 16 1 8
3 7 1 2
14 13 1 5
19 6 1 9
6 9 1 5
8 19 1 20
0 14 1 6
18 21 1 8
4 17 1 4
10 17 1 12
21 11 1 20
14 12 1 14
13 4 1 15
3 2 0 20
4 8 0 19
4 15 0 5
3 15 0 19
19 9 0 18
20 14 0 19
16 2 0 20
21 1 0 14
0 13 0 2
7 2 0 3
5 6 0 3
11 8 0 5
1 10 0 10
11 13 0 3
13 10 0 7
12 7 0 5
4 21 0 7
12 20 0 1
9 18 0 12
16 4 0 7
6 10 0 17
18 19 0 3
15 20 0 17
4 10 0 2
5 21 0 5
17 10 0 12
19 12 0 3
1 2 0 5
5 9 0 13
21 4 0 17
17 10 0 7
15 5 0 2
21 20 0 9
15 0 0 7
20 5 0 2
12 20 0 16
9 17 0 15
5 19 0 1
19 2 0 17
8 1 0 7
20 16 0 1
19 9 0 2
14 6 0 6
6 21 0 3
8 18 0 14
10 8 0 7
19 16 0 8
17 19 0 1
18 17 0 10
6 1 0 5
16 19 0 6
14 16 0 7
18 7 0 12
15 13 0 7
13 20 0 3
13 8 0 16
11 3 0 16
4 19 0 17
14 15 0 16
4 19 0 5
16 13 0 1
19 5 0 13
10 21 0 4
5 13 0 10
21 2 0 20
12 15 0 16
7 4 0 13
20 9 0 18
6 0 0 7
8 4 0 20
10 18 0 15
8 16 0 1
21 2 0 10
18 7 0 9
5 6 0 12
12 18 0 11
2 3 0 18
18 21 0 15
7 4 0 11
11 12 0 11
11 20 0 3
0 5 0 5
16 4 0 11
5 20 0 4
10 2 0 11
17 14 0 5
15 16 0 3
18 12 0 18
6 17 0 4
16 7 0 4
6 17 0 3
17 15 0 4
17 7 0 12
0 12 0 10
11 0 0 8
7 15 0 9
20 7 0 7
12 3 0 19
1 8 0 10
15 0 0 20
18 7 0 19
20 0 0 2
3 15 0 1
10 15 0 5
16 5 0 16
21 10 0 11
19 6 0 18
9 16 0 10
9 18 0 12
5 9 0 18
6 5 0 7
2 4 0 13
11 5 0 1
5 16 0 20
13 8 0 7
18 7 0 20
17 3 0 14
0 10 0 5
7 18 0 17
20 1 0 6
10 7 0 15
6 7 0 7
21 18 0 1
9 1 0 15
10 12 0 19
17 9 0 4
10 2 0 7
9 2 0 10
3 10 0 18
13 6 0 5
10 16 0 10
13 21 0 11
17 20 0 13
4 5 0 16
5 15 0 4
15 8 0 17
9 16 0 5
3 4 0 6
6 7 0 20
5 19 0 10
4 5 0 3
10 18 0 8
20 12 0 10
4 15 0 17
9 21 0 20
3 14 0 11
5 21 0 15
8 1 0 19
13 5 0 19
6 11 0 10
1 16 0 5
13 3 0 12
4 21 0 16
11 4 0 1
3 11 0 18
9 14 0 9
1 18 0 16
9 4 0 7
20 17 0 15
14 21 0 8
5 0 0 18
1 14 0 15
14 16 0 13
15 6 0 3
10 7 0 8
3 16 0 17
7 15 0 13
11 1 0 5
13 21 0 6
21 13 0 11
18 16 0 5
8 15 0 7
20 8 0 12
10 21 0 12
2 9 0 11
6 11 0 14
2 18 0 17
14 5 0 8
8 17 0 17
17 16 0 2
3 11 0 12
11 17 0 4
8 13 0 8
1 2 0 19
18 4 0 11
20 10 0 8
17 10 0 2
6 2 0 10
17 8 0 17






32 213 8 23 30
5 7 1 5
16 10 1 5
28 21 1 16
4 27 1 18
14 29 1 14
27 12 1 4
5 22 1 10
26 3 1 7
0 27 1 9
2 3 1 5
24 9 1 12
0 25 1 2
0 21 1 11
31 25 1 18
20 8 1 8
18 3 1 4
21 8 1 2
14 2 1 1
4 3 1 4
9 5 1 20
5 29 1 13
8 30 1 2
21 30 1 8
23 30 1 17
20 18 1 5
15 4 1 12
23 25 1 5
20 7 1 19
21 12 1 6
16 21 1 19
15 26 0 9
23 2 0 3
25 23 0 13
16 14 0 7
0 2 0 14
25 18 0 14
20 9 0 4
24 29 0 11
31 18 0 15
8 3 0 4
23 18 0 2
3 10 0 12
13 3 0 7
21 19 0 9
28 19 0 4
21 12 0 2
18 1 0 15
9 25 0 16
8 24 0 7
18 1 0 2
18 24 0 12
11 27 0 18
7 8 0 1
25 29 0 12
26 25 0 16
29 14 0 16
18 1 0 17
16 10 0 15
11 18 0 3
25 5 0 12
10 23 0 12
14 2 0 11
27 9 0 11
12 3 0 17
15 29 0 6
6 26 0 5
10 12 0 14
14 28 0 20
12 7 0 15
3 1 0 4
26 11 0 11
10 25 0 5
20 21 0 15
7 1 0 14
23 16 0 11
0 23 0 13
24 1 0 1
17 15 0 1
21 28 0 8
11 31 0 13
6 25 0 5
24 3 0 10
12 24 0 3
10 31 0 8
11 22 0 17
9 22 0 4
1 15 0 17
5 0 0 16
5 21 0 4
13 0 0 15
21 6 0 13
9 30 0 20
23 11 0 16
25 21 0 7
29 1 0 5
17 10 0 12
28 12 0 19
8 17 0 11
3 23 0 9
27 4 0 9
17 25 0 4
1 3 0 14
21 26 0 17
0 19 0 7
11 16 0 8
11 1 0 2
2 29 0 2
8 5 0 20
15 9 0 7
11 4 0 19
7 21 0 12
10 23 0 11
11 12 0 5
24 12 0 1
26 23 0 1
29 3 0 15
11 5 0 16
4 14 0 14
15 29 0 3
17 8 0 7
23 15 0 16
23 26 0 19
25 6 0 11
22 30 0 16
6 25 0 11
6 22 0 14
8 1 0 16
8 6 0 18
13 21 0 11
27 7 0 3
13 30 0 2
20 21 0 8
19 15 0 2
29 5 0 13
20 11 0 10
3 17 0 8
20 26 0 2
11 2 0 4
16 15 0 1
18 10 0 20
28 23 0 3
22 11 0 20
9 30 0 3
3 28 0 20
27 16 0 19
12 19 0 5
19 8 0 19
28 19 0 9
11 4 0 20
16 22 0 6
27 19 0 13
5 9 0 4
5 18 0 3
19 21 0 19
7 16 0 19
5 28 0 11
21 16 0 3
31 12 0 18
11 24 0 18
6 8 0 1
11 3 0 20
7 9 0 17
15 14 0 11
21 1 0 17
23 8 0 13
9 14 0 14
15 3 0 14
29 3 0 6
31 14 0 14
4 21 0 10
-1 0 0 6
15 8 0 15
7 23 0 5
18 12 0 14
18 3 0 19
2 12 0 5
15 28 0 20
12 25 0 19
22 24 0 18
23 29 0 7
1 29 0 15
14 13 0 19
4 20 0 10
8 6 0 6
13 24 0 1
26 27 0 2
23 10 0 18
22 23 0 15
25 13 0 12
10 4 0 5
16 5 0 6
23 19 0 3
5 23 0 16
11 31 0 6
28 13 0 7
17 8 0 14
18 0 0 12
15 23 0 3
5 16 0 12
20 27 0 17
0 11 0 6
10 2 0 10
0 8 0 9
11 19 0 1
29 15 0 2
7 0 0 18
12 18 0 18
27 1 0 9
2 7 0 6
21 27 0 1
13 28 0 16
11 6 0 15
28 6 0 7






28 291 5 16 35
12 9 1 11
25 7 1 11
19 20 1 2
0 1 1 8
12 26 1 6
19 22 1 11
27 13 1 14
9 15 1 6
16 1 1 7
14 6 1 19
25 19 1 13
27 0 1 4
21 3 1 4
18 4 1 13
10 16 1 19
19 8 1 5
5 19 1 7
19 13 1 14
16 1 1 8
18 27 1 6
5 24 1 5
1 7 1 5
4 12 1 9
11 14 1 13
4 24 1 6
22 27 1 2
19 5 1 5
17 24 1 10
14 24 1 11
25 15 1 2
27 20 1 10
19 21 1 5
24 9 1 5
16 4 1 16
0 20 1 4
25 27 0 16
14 18 0 13
23 7 0 1
16 5 0 5
23 15 0 4
12 14 0 4
26 5 0 1
2 13 0 18
3 1 0 19
6 14 0 15
1 11 0 18
12 10 0 12
12 5 0 15
8 21 0 1
1 0 0 16
20 13 0 18
16 23 0 3
16 25 0 5
10 0 0 2
8 18 0 20
10 20 0 16
0 4 0 10
19 17 0 7
2 9 0 8
18 22 0 13
21 15 0 6
22 15 0 5
0 15 0 14
4 25 0 3
26 17 0 13
5 0 0 13
20 12 0 6
5 3 0 15
23 17 0 20
19 7 0 19
27 12 0 14
20 18 0 1
8 3 0 20
5 7 0 14
3 5 0 19
4 23 0 19
24 15 0 15
17 21 0 11
27 0 0 12
19 3 0 16
17 2 0 12
2 6 0 7
13 14 0 14
25 4 0 17
18 7 0 11
1 23 0 2
23 4 0 9
2 21 0 10
12 21 0 3
23 24 0 2
26 13 0 5
14 27 0 3
20 25 0 14
13 6 0 10
1 25 0 5
7 26 0 13
20 21 0 17
5 7 0 2
22 19 0 15
12 27 0 3
6 9 0 8
14 23 0 3
0 27 0 16
25 12 0 11
14 26 0 12
23 17 0 6
27 22 0 3
19 27 0 11
4 21 0 18
11 6 0 1
25 24 0 15
9 10 0 18
19 22 0 10
27 20 0 10
25 6 0 12
20 13 0 2
25 24 0 4
7 15 0 19
25 20 0 16
19 3 0 6
23 12 0 14
9 21 0 4
3 13 0 7
8 24 0 19
9 5 0 17
21 25 0 7
22 6 0 11
17 25 0 19
11 7 0 19
10 26 0 10
0 5 0 14
13 27 0 4
9 2 0 9
11 22 0 5
17 15 0 6
1 8 0 3
11 14 0 1
18 3 0 10
12 14 0 13
10 9 0 19
11 21 0 9
8 6 0 8
11 27 0 14
27 22 0 16
23 11 0 15
24 25 0 4
22 8 0 14
22 10 0 2
8 6 0 16
12 16 0 13
15 11 0 18
7 4 0 17
26 15 0 16
3 27 0 11
2 22 0 10
0 19 0 3
3 25 0 8
9 20 0 6
18 12 0 5
9 24 0 5
10 23 0 5
3 2 0 13
15 0 0 8
11 3 0 3
16 17 0 14
18 2 0 5
17 5 0 10
8 14 0 18
9 16 0 14
1 10 0 19
10 20 0 10
14 7 0 9
22 7 0 5
1 18 0 13
8 19 0 18
8 9 0 4
25 10 0 18
10 18 0 20
0 12 0 13
1 13 0 7
11 7 0 19
17 21 0 2
9 27 0 13
13 1 0 7
21 9 0 14
3 2 0 8
26 27 0 10
27 9 0 13
27 9 0 9
27 23 0 14
9 6 0 6
23 7 0 19
-1 0 0 15
13 14 0 4
11 19 0 9
17 6 0 3
0 5 0 14
21 16 0 19
5 27 0 17
1 26 0 4
23 19 0 18
24 26 0 10
2 27 0 6
8 24 0 16
15 19 0 12
27 20 0 18
1 20 0 3
25 26 0 4
5 3 0 7
21 17 0 10
16 24 0 5
1 20 0 8
22 6 0 7
0 15 0 7
19 14 0 14
26 14 0 15
12 27 0 7
14 26 0 1
5 3 0 9
7 8 0 2
9 8 0 2
13 9 0 18
15 16 0 20
2 16 0 11
8 19 0 18
22 18 0 20
12 14 0 7
22 0 0 5
3 6 0 12
27 26 0 8
24 7 0 4
17 20 0 2
14 21 0 18
17 7 0 2
8 16 0 9
25 22 0 11
0 6 0 17
2 0 0 2
15 3 0 20
2 14 0 18
26 10 0 17
13 27 0 1
22 13 0 18
19 3 0 18
16 23 0 2
5 4 0 8
23 16 0 2
12 2 0 6
16 17 0 6
24 4 0 20
1 14 0 19
25 11 0 18
13 6 0 4
7 9 0 19
8 26 0 14
25 3 0 18
20 10 0 10
5 22 0 4
18 23 0 10
7 19 0 10
7 4 0 20
5 1 0 7
26 27 0 5
5 6 0 11
27 14 0 17
16 23 0 4
5 27 0 10
10 4 0 17
18 22 0 12
11 14 0 20
8 21 0 16
3 10 0 2
25 8 0 5
10 14 0 7
16 25 0 1
20 14 0 12
27 3 0 19
0 14 0 15
24 16 0 13
16 27 0 3
11 19 0 16
21 22 0 18
7 3 0 11
3 25 0 17
5 13 0 6
4 5 0 12
16 4 0 8
10 17 0 6
20 13 0 14
13 1 0 13
3 24 0 12






35 368 19 27 25
22 4 1 11
13 30 1 4
5 26 1 18
30 19 1 14
32 16 1 1
14 6 1 1
7 31 1 6
13 25 1 6
30 31 1 1
34 15 1 5
28 3 1 20
33 28 1 2
7 33 1 18
26 28 1 18
19 3 1 16
26 17 1 20
7 24 1 16
24 15 1 17
1 11 1 8
33 22 1 1
23 15 1 14
29 26 1 9
7 33 1 7
0 1 1 3
24 32 1 16
6 24 0 15
30 8 0 15
16 32 0 20
4 34 0 3
11 32 0 15
23 32 0 2
2 3 0 3
10 11 0 13
18 23 0 9
7 24 0 17
34 30 0 8
8 26 0 11
19 7 0 3
33 11 0 14
12 34 0 4
13 23 0 8
30 26 0 7
2 3 0 5
20 33 0 8
3 17 0 17
31 16 0 7
13 1 0 10
3 21 0 17
3 31 0 20
13 9 0 7
33 22 0 5
16 17 0 3
14 32 0 18
0 17 0 8
31 32 0 15
30 6 0 18
23 31 0 20
8 0 0 6
11 15 0 19
26 5 0 10
29 4 0 13
20 32 0 12
2 11 0 11
12 11 0 18
19 20 0 18
9 27 0 6
26 15 0 17
10 0 0 2
27 12 0 19
6 15 0 10
5 9 0 1
4 29 0 8
33 8 0 1
23 20 0 4
8 5 0 4
2 14 0 13
2 17 0 13
33 5 0 19
7 32 0 18
7 15 0 18
13 33 0 17
23 14 0 3
7 24 0 6
2 25 0 17
32 33 0 2
11 12 0 8
19 14 0 12
19 24 0 2
7 8 0 7
31 16 0 4
23 29 0 4
1 30 0 19
8 2 0 15
0 17 0 20
1 14 0 15
19 27 0 17
28 23 0 3
20 7 0 10
16 26 0 18
21 22 0 19
33 22 0 6
6 23 0 6
29 8 0 10
31 21 0 7
10 22 0 4
0 19 0 11
13 12 0 4
6 32 0 9
0 14 0 10
2 13 0 18
33 11 0 20
23 18 0 6
20 24 0 16
19 20 0 17
1 8 0 17
9 8 0 16
20 21 0 13
21 4 0 13
29 16 0 4
29 31 0 4
28 29 0 6
2 29 0 16
24 14 0 12
20 10 0 10
13 11 0 8
29 32 0 13
6 30 0 1
31 29 0 16
18 0 0 9
31 6 0 15
33 34 0 16
26 14 0 5
13 3 0 11
2 0 0 12
11 14 0 5
5 8 0 3
7 15 0 10
7 11 0 19
24 6 0 10
23 14 0 11
29 25 0 1
30 17 0 2
1 7 0 15
22 9 0 1
30 20 0 7
14 25 0 17
8 9 0 7
33 29 0 5
28 30 0 3
12 30 0 12
15 25 0 8
17 20 0 7
32 33 0 4
29 20 0 16
26 15 0 6
2 7 0 19
34 15 0 5
22 25 0 14
34 31 0 5
16 8 0 17
13 0 0 2
12 17 0 19
28 27 0 13
28 34 0 5
3 25 0 8
11 28 0 5
9 4 0 2
5 26 0 10
19 2 0 6
5 19 0 11
21 9 0 17
5 33 0 6
8 26 0 1
10 19 0 15
22 0 0 20
14 11 0 15
13 20 0 16
4 2 0 10
10 21 0 12
0 3 0 18
11 2 0 19
34 7 0 2
4 27 0 13
26 15 0 20
0 2 0 5
12 16 0 6
28 29 0 13
14 10 0 10
3 33 0 4
29 33 0 9
29 21 0 11
2 20 0 15
9 2 0 8
18 28 0 5
12 6 0 7
17 18 0 5
0 11 0 11
1 2 0 6
19 5 0 16
34 12 0 10
17 6 0 1
15 20 0 19
19 29 0 16
28 13 0 4
17 2 0 2
20 33 0 5
4 33 0 4
29 1 0 1
7 32 0 19
17 31 0 16
3 13 0 14
11 5 0 19
4 25 0 6
34 30 0 6
34 25 0 10
6 22 0 3
7 27 0 2
20 33 0 10
13 17 0 17
23 0 0 18
33 15 0 13
3 26 0 14
28 30 0 6
25 29 0 16
0 6 0 13
2 12 0 3
24 19 0 5
10 17 0 5
9 7 0 18
5 30 0 10
9 5 0 10
27 20 0 12
27 13 0 12
17 16 0 19
14 28 0 15
2 30 0 14
24 20 0 20
15 7 0 17
16 29 0 1
23 11 0 6
7 21 0 11
7 25 0 1
10 17 0 7
31 34 0 5
1 25 0 8
0 4 0 11
23 28 0 3
8 20 0 5
21 14 0 19
7 2 0 13
34 22 0 19
20 29 0 6
2 16 0 3
10 12 0 19
34 14 0 9
29 26 0 19
19 27 0 9
6 0 0 17
12 33 0 6
13 5 0 5
25 5 0 12
0 2 0 8
0 16 0 4
29 4 0 4
22 15 0 13
17 9 0 1
4 5 0 18
11 23 0 3
2 1 0 9
19 14 0 19
3 16 0 16
10 16 0 10
22 16 0 14
16 10 0 13
34 9 0 3
8 26 0 5
8 9 0 15
13 32 0 1
17 11 0 2
20 30 0 13
6 33 0 14
31 8 0 15
13 8 0 13
11 1 0 10
13 12 0 4
7 32 0 7
11 17 0 18
33 30 0 5
20 13 0 16
31 33 0 8
10 4 0 2
5 13 0 12
16 3 0 7
8 14 0 18
22 4 0 12
22 11 0 9
25 0 0 2
3 10 0 19
24 30 0 12
22 3 0 13
14 13 0 19
17 30 0 19
29 11 0 2
25 31 0 13
0 30 0 12
21 17 0 6
17 19 0 6
30 34 0 11
3 1 0 13
2 23 0 1
11 2 0 11
1 20 0 16
5 26 0 14
23 28 0 5
21 28 0 10
34 27 0 4
24 9 0 13
26 16 0 8
3 31 0 4
9 10 0 9
20 21 0 18
32 23 0 5
27 5 0 1
10 28 0 5
1 26 0 5
10 26 0 2
13 27 0 8
13 19 0 16
12 22 0 13
12 10 0 13
0 7 0 10
14 5 0 5
14 9 0 17
16 32 0 7
12 33 0 9
2 9 0 5
30 34 0 12
10 12 0 8
5 24 0 3
32 13 0 8
12 25 0 7
13 5 0 7
14 19 0 19
20 0 0 11
31 13 0 19
34 27 0 5
5 22 0 20
4 9 0 7
33 15 0 19
15 24 0 9
19 1 0 15
31 14 0 5
24 28 0 16
27 25 0 16
27 22 0 6
3 33 0 10
22 16 0 18
6 32 0 4
15 30 0 9
25 11 0 1
13 30 0 19
4 26 0 6
23 28 0 16
15 20 0 7
8 25 0 16
13 28 0 19
23 15 0 17
32 34 0 9






30 412 24 1 19
17 13 1 12
12 11 1 9
1 6 1 17
9 12 1 5
26 10 1 8
1 5 1 16
6 15 1 6
24 22 1 5
25 2 1 16
16 18 1 19
19 5 1 2
12 10 1 15
0 3 1 2
19 4 1 16
3 22 1 16
10 24 1 3
27 22 1 8
23 16 1 2
9 3 1 17
16 19 0 5
24 8 0 13
7 21 0 15
2 13 0 8
25 2 0 4
0 5 0 16
6 7 0 2
19 5 0 5
8 20 0 13
12 29 0 7
18 16 0 8
4 2 0 7
26 2 0 10
20 4 0 13
9 29 0 18
2 21 0 3
10 20 0 1
11 9 0 18
27 9 0 8
22 21 0 7
20 9 0 15
7 14 0 10
25 10 0 12
26 23 0 16
19 24 0 7
28 27 0 20
20 29 0 10
12 10 0 11
9 0 0 10
18 22 0 2
27 12 0 1
21 19 0 17
2 7 0 10
23 3 0 13
10 14 0 17
18 12 0 6
17 25 0 15
28 7 0 18
18 9 0 18
18 27 0 12
1 16 0 14
23 0 0 15
0 2 0 2
1 26 0 16
3 28 0 20
21 17 0 13
29 4 0 8
5 25 0 17
22 13 0 18
1 23 0 6
2 16 0 14
15 10 0 14
1 2 0 7
2 3 0 15
8 28 0 13
20 11 0 12
14 10 0 7
11 16 0 14
29 0 0 7
27 24 0 13
14 26 0 19
17 4 0 19
21 6 0 1
19 1 0 14
13 2 0 14
27 22 0 6
29 6 0 6
27 9 0 14
20 8 0 7
18 5 0 1
10 19 0 19
19 7 0 3
29 20 0 11
12 9 0 13
27 14 0 15
11 3 0 9
6 24 0 15
3 13 0 4
17 3 0 4
15 14 0 10
15 24 0 1
25 5 0 20
18 5 0 12
8 17 0 11
22 14 0 7
8 17 0 13
16 23 0 7
0 27 0 1
15 6 0 6
1 21 0 10
22 28 0 17
2 23 0 4
4 3 0 11
25 4 0 10
18 26 0 7
24 5 0 14
18 13 0 18
15 14 0 7
17 21 0 3
14 22 0 16
26 14 0 6
24 9 0 11
27 13 0 15
28 0 0 11
29 18 0 19
15 5 0 6
19 23 0 20
8 0 0 6
24 17 0 7
8 24 0 12
5 20 0 8
22 14 0 9
2 3 0 2
8 1 0 3
18 23 0 13
17 8 0 8
4 19 0 12
13 27 0 14
28 13 0 4
27 13 0 18
18 10 0 18
7 2 0 4
6 5 0 7
9 5 0 19
13 24 0 4
6 3 0 12
25 7 0 2
8 13 0 1
22 11 0 5
15 8 0 10
2 18 0 1
1 18 0 13
14 24 0 10
0 25 0 6
10 9 0 2
13 7 0 17
25 2 0 16
18 11 0 19
8 25 0 11
4 10 0 1
14 12 0 10
26 5 0 8
18 19 0 4
0 19 0 19
17 0 0 20
28 13 0 7
4 0 0 12
9 18 0 13
28 19 0 8
20 23 0 20
20 29 0 14
1 25 0 19
0 6 0 18
23 28 0 17
4 15 0 19
23 5 0 15
12 9 0 15
3 10 0 6
5 0 0 7
24 12 0 2
23 3 0 2
25 26 0 9
4 27 0 17
23 12 0 15
9 8 0 20
10 2 0 5
24 6 0 6
0 9 0 19
17 6 0 1
23 0 0 4
7 15 0 19
28 3 0 15
28 29 0 4
5 22 0 9
9 23 0 7
21 3 0 11
7 19 0 7
3 12 0 6
23 29 0 12
13 15 0 4
16 22 0 1
6 12 0 4
23 10 0 3
28 15 0 15
16 17 0 1
5 8 0 14
25 15 0 6
14 10 0 18
19 3 0 7
23 17 0 4
18 25 0 6
29 24 0 18
12 17 0 1
25 15 0 18
21 24 0 5
11 29 0 5
27 24 0 3
2 8 0 15
19 20 0 9
27 13 0 8
21 1 0 15
28 22 0 9
18 5 0 8
18 22 0 4
17 5 0 8
4 9 0 19
20 6 0 3
22 0 0 4
19 11 0 14
19 8 0 9
6 21 0 12
2 20 0 5
1 0 0 2
0 10 0 14
23 27 0 19
2 1 0 18
10 22 0 16
5 6 0 6
8 25 0 17
23 14 0 8
13 12 0 1
26 15 0 3
10 8 0 3
21 8 0 13
16 24 0 3
17 18 0 16
26 21 0 18
12 26 0 7
19 26 0 4
8 11 0 11
5 24 0 5
7 20 0 10
0 23 0 10
22 6 0 1
17 15 0 17
1 2 0 5
16 28 0 8
16 2 0 4
21 22 0 12
7 0 0 5
7 27 0 11
12 4 0 14
23 4 0 17
5 19 0 5
25 28 0 12
23 29 0 4
9 15 0 15
17 1 0 7
12 15 0 19
26 23 0 19
20 22 0 6
1 26 0 1
24 20 0 17
2 17 0 6
8 4 0 16
0 27 0 5
23 6 0 1
29 15 0 4
16 28 0 2
23 24 0 17
25 14 0 19
22 7 0 6
2 1 0 18
1 25 0 17
18 4 0 11
3 4 0 20
18 19 0 16
10 19 0 4
26 5 0 2
27 21 0 18
13 16 0 4
13 9 0 12
10 3 0 5
19 26 0 1
14 15 0 7
15 19 0 11
4 29 0 12
22 2 0 1
25 28 0 8
18 25 0 20
5 0 0 18
28 5 0 9
21 16 0 5
16 5 0 1
28 21 0 16
14 28 0 17
26 25 0 17
27 17 0 19
10 4 0 7
27 14 0 14
28 19 0 16
8 9 0 11
26 1 0 9
10 17 0 15
13 7 0 8
8 21 0 6
15 9 0 13
13 6 0 12
21 16 0 18
19 6 0 12
4 26 0 11
11 4 0 11
1 23 0 14
0 25 0 13
26 8 0 20
13 17 0 13
20 24 0 2
15 7 0 18
26 28 0 7
4 9 0 3
25 13 0 1
28 16 0 16
18 9 0 19
1 9 0 14
23 27 0 3
14 2 0 12
26 15 0 6
17 0 0 13
6 26 0 3
12 22 0 2
16 18 0 7
17 16 0 5
14 26 0 14
12 19 0 16
27 4 0 3
21 18 0 16
2 6 0 3
7 23 0 13
11 29 0 1
13 4 0 14
16 20 0 14
24 29 0 12
18 13 0 10
22 17 0 9
27 15 0 5
21 6 0 13
18 1 0 1
-1 0 0 14
4 12 0 5
5 17 0 9
20 4 0 12
15 20 0 1
18 1 0 17
17 23 0 4
27 12 0 9
11 3 0 18
5 14 0 9
5 14 0 19
20 11 0 13
4 8 0 1
15 28 0 7
16 5 0 17
8 23 0 8
14 2 0 13
8 29 0 15
8 10 0 1
14 15 0 5
15 20 0 1
16 10 0 2
28 6 0 20
20 21 0 20
16 29 0 7
25 8 0 20
12 14 0 12
7 22 0 11
13 23 0 13
15 0 0 18
1 16 0 10
1 2 0 2
5 22 0 19
17 13 0 12
18 21 0 2
25 16 0 12
16 21 0 6
10 28 0 1
2 3 0 4
5 19 0 4
14 20 0 2
14 22 0 16
7 20 0 11
15 29 0 14
7 17 0 15
20 12 0 4
11 21 0 15
16 1 0 5
28 3 0 8
3 0 0 17
9 15 0 8
0 21 0 12
16 28 0 4
8 14 0 3
21 13 0 1
17 3 0 15






-1 -1
