24 160 16 1 29
13 9 1 16
17 22 1 1
18 23 1 6
14 11 1 13
2 23 1 19
17 15 1 19
4 23 1 5
8 22 1 9
14 19 1 5
12 3 1 6
9 17 1 12
0 2 1 18
17 21 1 17
14 3 1 12
23 21 1 7
1 14 1 6
11 18 1 9
23 18 1 19
4 0 1 10
16 4 1 10
22 5 1 19
13 22 1 9
18 15 1 10
14 5 1 13
21 20 1 18
3 22 1 1
16 1 1 15
4 1 1 6
15 5 1 2
12 13 0 15
13 11 0 8
7 16 0 2
20 2 0 9
21 16 0 15
10 13 0 3
3 8 0 1
19 0 0 3
14 5 0 16
3 12 0 5
8 0 0 14
18 14 0 10
10 21 0 14
15 9 0 5
12 7 0 1
6 9 0 15
11 12 0 11
9 0 0 8
7 14 0 5
22 17 0 9
10 1 0 1
11 20 0 15
8 22 0 17
22 13 0 6
6 17 0 17
6 23 0 10
12 4 0 7
19 5 0 15
2 4 0 1
14 2 0 10
6 4 0 7
22 7 0 15
5 16 0 1
1 14 0 11
6 12 0 20
3 18 0 16
16 23 0 8
10 18 0 1
4 12 0 17
4 18 0 3
21 0 0 3
16 22 0 14
22 19 0 2
19 20 0 4
5 19 0 4
8 22 0 15
19 6 0 18
18 17 0 8
14 13 0 12
14 10 0 6
8 7 0 10
6 23 0 4
12 14 0 4
8 9 0 16
5 6 0 7
20 6 0 1
14 2 0 12
15 12 0 5
18 19 0 14
8 9 0 20
18 10 0 4
3 16 0 3
19 4 0 13
14 6 0 14
13 11 0 16
8 23 0 11
0 14 0 5
15 21 0 13
15 8 0 20
21 17 0 14
20 4 0 8
19 23 0 12
10 18 0 5
14 0 0 7
20 14 0 2
23 22 0 13
17 14 0 19
21 22 0 5
22 13 0 13
9 10 0 2
22 23 0 10
21 10 0 10
13 20 0 20
17 11 0 1
3 23 0 3
16 22 0 17
20 8 0 11
15 5 0 1
23 19 0 3
7 5 0 9
8 19 0 20
6 17 0 3
3 22 0 11
10 15 0 6
18 10 0 1
16 18 0 16
4 6 0 8
23 13 0 13
23 12 0 9
5 19 0 2
6 20 0 17
13 2 0 2
23 5 0 12
22 15 0 19
7 10 0 9
8 18 0 7
7 15 0 14
13 14 0 19
18 5 0 20
18 3 0 7
15 9 0 3
0 14 0 1
9 6 0 6
9 4 0 14
15 11 0 12
0 19 0 14
17 18 0 17
19 8 0 11
18 19 0 17
13 5 0 20
19 13 0 17
22 13 0 7
2 14 0 9
4 15 0 9
21 7 0 17
8 23 0 12
13 9 0 11
2 5 0 11
12 15 0 6
12 4 0 16
23 15 0 13






29 329 0 16 26
27 11 1 13
23 14 1 6
28 3 1 2
10 23 1 11
22 11 1 17
23 11 1 14
17 15 1 6
14 3 1 2
11 23 1 1
12 23 1 11
22 14 1 18
15 0 1 5
20 28 1 8
10 1 1 14
27 23 1 19
0 10 1 6
22 27 1 10
17 13 1 10
15 24 1 1
12 28 1 14
26 22 1 10
14 0 1 17
16 21 1 2
13 23 1 4
4 13 1 8
28 6 1 4
26 28 0 3
11 16 0 4
20 2 0 19
2 7 0 1
21 4 0 7
17 18 0 13
21 26 0 19
8 2 0 2
4 27 0 2
16 19 0 2
0 16 0 19
12 19 0 8
8 10 0 12
20 5 0 13
24 18 0 13
28 7 0 9
25 28 0 17
6 8 0 4
3 4 0 8
13 12 0 14
21 13 0 11
28 25 0 10
15 5 0 6
26 17 0 17
22 12 0 4
7 4 0 7
1 0 0 14
22 28 0 7
7 23 0 1
12 28 0 10
15 20 0 11
18 19 0 18
5 27 0 5
1 24 0 18
3 9 0 11
23 16 0 1
13 10 0 20
23 3 0 19
5 2 0 11
20 15 0 5
18 1 0 14
22 12 0 9
1 17 0 16
27 11 0 11
20 14 0 14
18 0 0 3
20 5 0 5
23 28 0 9
8 4 0 18
17 16 0 12
24 6 0 16
15 28 0 11
25 21 0 8
25 19 0 3
20 2 0 13
16 21 0 13
0 12 0 13
15 27 0 2
4 7 0 4
17 16 0 5
23 3 0 8
23 18 0 3
28 14 0 19
13 2 0 20
1 22 0 4
11 2 0 12
13 23 0 8
20 2 0 1
18 6 0 12
13 15 0 12
4 10 0 13
13 25 0 2
14 16 0 17
6 21 0 15
10 22 0 16
16 25 0 15
6 9 0 6
8 21 0 4
1 11 0 17
1 24 0 16
9 20 0 7
21 26 0 1
14 11 0 6
21 17 0 11
2 19 0 16
26 27 0 15
16 4 0 14
0 13 0 11
15 6 0 13
8 0 0 3
0 9 0 16
10 22 0 1
0 28 0 4
7 21 0 20
7 23 0 3
21 13 0 14
2 22 0 14
21 22 0 4
27 9 0 4
5 9 0 16
8 9 0 11
16 11 0 3
28 11 0 11
15 19 0 5
11 26 0 7
18 10 0 11
3 12 0 17
14 6 0 2
8 25 0 16
0 1 0 20
23 2 0 1
17 18 0 13
27 9 0 20
6 24 0 16
7 27 0 15
23 17 0 12
15 12 0 14
1 26 0 5
9 27 0 16
26 28 0 11
14 15 0 5
5 4 0 5
14 2 0 20
26 8 0 4
21 15 0 18
4 1 0 7
6 17 0 4
12 18 0 12
24 27 0 17
24 16 0 14
25 23 0 19
0 28 0 14
21 5 0 5
22 23 0 3
5 15 0 11
14 20 0 17
11 18 0 14
4 22 0 7
3 17 0 1
21 4 0 11
10 0 0 16
5 21 0 8
5 14 0 3
6 0 0 16
0 5 0 8
10 19 0 20
13 22 0 20
4 27 0 9
5 22 0 3
4 7 0 17
11 9 0 5
12 14 0 5
4 19 0 8
1 18 0 5
13 18 0 9
12 20 0 11
23 4 0 19
23 0 0 15
8 5 0 2
10 9 0 17
8 12 0 5
28 24 0 5
11 20 0 13
0 13 0 3
10 27 0 1
18 2 0 16
9 26 0 6
22 20 0 2
17 0 0 4
5 2 0 10
1 11 0 4
26 2 0 19
16 13 0 16
18 5 0 15
0 7 0 13
22 18 0 17
28 27 0 17
9 12 0 4
19 0 0 15
6 26 0 8
3 27 0 14
4 25 0 14
21 4 0 12
1 14 0 15
16 7 0 15
20 21 0 17
19 20 0 7
23 0 0 19
11 20 0 15
19 26 0 17
1 21 0 12
15 17 0 6
9 10 0 3
2 3 0 18
28 11 0 3
25 24 0 14
10 14 0 1
15 9 0 3
23 12 0 20
3 2 0 7
9 4 0 3
26 11 0 5
11 14 0 9
21 16 0 14
16 8 0 13
11 25 0 20
26 27 0 11
5 13 0 13
5 8 0 18
25 3 0 12
14 12 0 15
16 1 0 20
6 12 0 11
7 4 0 11
3 13 0 15
10 16 0 17
21 6 0 6
9 3 0 19
6 9 0 4
7 5 0 11
10 19 0 20
10 27 0 19
21 5 0 12
17 4 0 3
0 28 0 20
13 9 0 6
13 1 0 6
20 2 0 20
4 0 0 3
16 7 0 2
3 18 0 6
22 28 0 19
14 20 0 16
11 8 0 6
12 0 0 2
18 5 0 8
3 19 0 17
1 2 0 17
25 6 0 14
0 15 0 15
1 10 0 1
21 3 0 2
3 10 0 17
11 21 0 8
23 4 0 6
5 14 0 8
18 17 0 8
3 19 0 15
19 7 0 6
28 7 0 6
16 8 0 17
13 22 0 11
2 25 0 5
10 8 0 15
19 23 0 19
20 21 0 12
26 10 0 15
23 13 0 17
14 24 0 17
11 16 0 11
16 24 0 6
1 8 0 5
11 10 0 14
10 13 0 19
14 3 0 5
1 15 0 6
23 12 0 1
25 27 0 14
17 12 0 2
17 16 0 13
16 24 0 18
15 25 0 1
0 8 0 13
9 10 0 5
20 25 0 9
16 18 0 6
4 5 0 3
3 1 0 17
7 11 0 4
27 28 0 11
5 7 0 3
7 14 0 1
1 14 0 14
6 24 0 6
24 7 0 16
8 24 0 2
7 21 0 14
19 24 0 6
21 2 0 15
27 0 0 9
21 26 0 6
1 25 0 8
7 27 0 14
13 4 0 3
22 0 0 11
18 8 0 4
4 16 0 19
16 27 0 17
14 19 0 2
1 17 0 5
9 1 0 12
15 3 0 18
7 10 0 14






29 400 9 0 9
9 14 1 3
10 24 1 1
18 25 1 11
16 22 1 7
5 6 1 18
15 19 1 9
17 0 1 5
20 7 1 9
22 12 1 18
1 14 0 1
2 15 0 14
14 25 0 11
1 14 0 19
25 22 0 2
6 20 0 7
17 7 0 8
0 16 0 1
19 28 0 2
25 13 0 5
0 15 0 3
4 9 0 5
15 23 0 12
28 24 0 5
1 21 0 19
18 19 0 3
11 7 0 11
16 28 0 15
0 10 0 18
12 7 0 10
0 28 0 11
2 4 0 7
20 19 0 14
5 10 0 10
17 4 0 19
23 22 0 15
0 25 0 7
3 4 0 3
17 4 0 8
7 9 0 1
3 1 0 19
14 4 0 15
6 16 0 2
12 13 0 3
15 1 0 3
10 25 0 16
15 17 0 8
28 13 0 8
23 1 0 6
8 1 0 13
13 4 0 9
18 19 0 3
26 17 0 12
9 1 0 19
2 16 0 20
28 18 0 14
2 5 0 3
1 25 0 10
5 19 0 20
6 20 0 20
7 4 0 3
10 22 0 6
1 12 0 16
16 21 0 10
7 23 0 17
21 14 0 9
1 16 0 7
28 9 0 2
2 15 0 8
27 13 0 1
4 12 0 13
27 15 0 5
11 16 0 1
4 25 0 14
27 3 0 18
21 24 0 15
5 26 0 8
15 17 0 1
21 11 0 4
18 9 0 19
4 5 0 6
18 3 0 6
25 6 0 1
6 10 0 13
17 0 0 12
5 22 0 19
8 19 0 14
18 6 0 16
9 27 0 14
7 16 0 15
18 14 0 16
5 24 0 5
14 12 0 9
3 19 0 5
17 7 0 12
27 4 0 9
3 12 0 4
26 2 0 12
8 3 0 10
14 11 0 12
0 21 0 20
21 18 0 2
1 25 0 17
16 28 0 19
12 9 0 13
1 7 0 17
4 2 0 4
27 28 0 7
18 28 0 14
8 13 0 11
28 13 0 4
3 27 0 4
3 28 0 15
16 15 0 9
18 19 0 11
12 21 0 12
18 25 0 10
28 15 0 10
12 26 0 11
20 5 0 2
10 25 0 14
13 0 0 9
6 3 0 4
24 19 0 11
5 1 0 2
23 13 0 1
4 23 0 20
23 22 0 1
5 26 0 17
14 9 0 9
0 19 0 7
28 25 0 4
25 23 0 13
13 19 0 5
16 24 0 16
1 10 0 6
16 14 0 3
11 1 0 11
13 6 0 15
21 12 0 14
18 12 0 16
11 3 0 18
13 28 0 3
10 4 0 16
18 20 0 10
20 22 0 15
26 1 0 4
27 4 0 17
13 9 0 12
17 22 0 15
2 11 0 17
7 23 0 9
20 28 0 13
7 1 0 10
13 19 0 4
27 2 0 15
15 0 0 16
17 27 0 18
12 11 0 1
5 20 0 15
2 23 0 18
12 22 0 6
26 13 0 18
2 21 0 2
3 26 0 7
25 17 0 7
2 3 0 1
3 12 0 11
20 16 0 19
26 21 0 20
25 23 0 10
27 28 0 13
16 25 0 18
24 19 0 20
13 22 0 2
13 19 0 16
15 14 0 9
9 10 0 12
10 1 0 13
6 27 0 15
22 15 0 12
3 6 0 1
27 14 0 2
14 9 0 15
15 14 0 2
5 27 0 17
20 6 0 14
1 16 0 17
15 18 0 7
24 16 0 11
17 9 0 17
25 4 0 9
25 2 0 9
20 17 0 10
6 24 0 19
6 0 0 20
17 12 0 1
4 5 0 10
4 20 0 14
4 7 0 18
15 24 0 15
13 12 0 4
9 0 0 11
19 21 0 20
2 19 0 11
28 17 0 9
15 26 0 9
9 2 0 7
18 6 0 18
1 2 0 2
9 10 0 5
26 23 0 18
10 25 0 3
18 7 0 20
14 1 0 8
26 0 0 16
9 8 0 16
16 17 0 17
9 27 0 13
13 0 0 8
16 9 0 14
14 27 0 7
17 0 0 10
20 19 0 7
7 25 0 13
13 23 0 16
28 24 0 17
11 13 0 16
17 14 0 7
1 20 0 10
1 7 0 11
18 22 0 20
22 2 0 20
22 14 0 10
1 21 0 13
10 26 0 10
3 25 0 17
13 28 0 7
2 16 0 14
19 10 0 6
28 11 0 4
9 0 0 5
9 23 0 6
10 8 0 17
21 9 0 9
8 11 0 13
2 15 0 20
21 20 0 9
23 22 0 9
11 5 0 19
11 25 0 11
19 27 0 14
11 7 0 11
6 17 0 19
14 10 0 15
7 10 0 1
25 13 0 15
3 5 0 2
8 28 0 1
1 3 0 7
25 14 0 13
2 4 0 16
1 8 0 7
13 14 0 19
15 20 0 8
18 27 0 10
24 16 0 7
8 19 0 15
20 27 0 1
9 21 0 17
4 17 0 12
24 12 0 11
12 13 0 9
1 27 0 4
7 6 0 20
15 24 0 19
13 11 0 4
7 19 0 7
7 2 0 4
19 11 0 8
13 7 0 9
5 2 0 4
23 7 0 19
20 1 0 8
2 8 0 18
5 24 0 3
6 0 0 19
15 28 0 16
14 6 0 11
3 25 0 13
14 1 0 19
13 28 0 3
24 22 0 2
11 14 0 12
25 16 0 3
17 13 0 9
24 19 0 16
14 26 0 18
14 3 0 3
17 7 0 9
23 21 0 6
28 5 0 4
15 21 0 17
23 3 0 14
10 28 0 18
27 16 0 7
2 4 0 13
6 18 0 17
2 3 0 19
4 12 0 1
23 27 0 15
7 27 0 17
11 5 0 10
9 28 0 16
12 2 0 10
16 0 0 11
13 3 0 12
21 1 0 12
18 3 0 10
27 7 0 6
6 23 0 14
27 1 0 10
24 13 0 20
5 14 0 16
10 18 0 19
15 6 0 3
28 11 0 3
16 24 0 10
14 13 0 11
7 12 0 14
13 10 0 5
18 9 0 5
20 4 0 16
20 2 0 11
11 12 0 19
13 27 0 2
7 18 0 6
25 26 0 11
16 3 0 6
2 11 0 20
16 24 0 5
17 13 0 4
19 26 0 17
5 9 0 12
18 21 0 8
20 27 0 4
21 5 0 8
3 23 0 17
9 10 0 8
22 4 0 4
17 12 0 2
14 0 0 6
13 19 0 7
15 16 0 4
13 26 0 15
14 18 0 8
14 10 0 17
25 13 0 3
4 15 0 8
15 8 0 10
9 17 0 18
19 24 0 6
5 8 0 16
18 16 0 17
3 21 0 17
1 6 0 20
6 21 0 7
8 9 0 4
4 13 0 20
2 28 0 6
25 0 0 7
23 11 0 13
14 9 0 3
25 19 0 9
15 22 0 10
22 23 0 18
20 21 0 3
12 0 0 5
17 25 0 20
9 19 0 7
22 7 0 19
23 2 0 11
20 16 0 18
16 4 0 18
0 19 0 14
25 6 0 5
28 19 0 17
15 2 0 16
11 20 0 2
12 21 0 8
13 6 0 9
6 0 0 16
10 20 0 18
24 8 0 17
27 0 0 3
16 25 0 11
20 25 0 5
16 3 0 7
5 7 0 5
12 19 0 18
9 24 0 11






23 91 2 8 28
12 20 1 6
5 6 1 17
14 7 1 6
17 7 1 11
19 11 1 1
22 0 1 17
21 22 1 7
14 15 1 12
1 16 1 18
17 12 1 19
14 2 1 9
10 2 1 15
11 17 1 16
12 5 1 18
7 18 1 5
10 17 1 10
20 17 1 11
3 9 1 10
19 10 1 12
20 21 1 7
0 6 1 19
0 10 1 16
0 22 1 3
2 5 1 18
12 6 1 7
4 11 1 10
2 8 1 3
10 11 1 10
11 1 0 16
5 21 0 2
22 21 0 1
19 15 0 16
18 16 0 17
5 12 0 9
14 1 0 15
18 22 0 6
16 18 0 11
3 6 0 4
21 17 0 10
21 16 0 4
20 9 0 10
2 5 0 2
11 17 0 20
20 22 0 19
10 7 0 7
1 2 0 10
3 13 0 7
13 16 0 2
0 14 0 4
17 7 0 4
9 21 0 13
16 17 0 8
12 5 0 14
22 2 0 3
16 7 0 14
12 2 0 15
1 6 0 5
8 13 0 10
22 13 0 8
0 1 0 13
12 11 0 11
10 22 0 18
13 5 0 13
4 5 0 10
14 21 0 12
7 4 0 1
2 5 0 7
5 14 0 20
0 13 0 2
21 7 0 4
9 19 0 20
6 0 0 19
3 8 0 4
0 13 0 5
16 4 0 8
10 5 0 5
6 8 0 15
3 7 0 14
13 7 0 7
1 0 0 6
14 9 0 17
15 16 0 14
10 13 0 7
4 7 0 5
3 0 0 8
0 4 0 7
19 11 0 10
21 14 0 1
7 21 0 2
1 22 0 19
8 14 0 16






14 84 11 1 19
11 13 1 1
10 6 1 20
11 13 1 19
11 13 1 13
8 7 1 2
8 9 1 5
0 10 1 6
0 4 1 4
12 8 1 10
5 3 1 2
1 0 1 7
3 11 1 1
13 6 1 14
7 3 1 6
7 10 1 7
3 4 1 20
5 3 1 7
10 1 1 3
9 11 1 15
6 0 0 3
5 1 0 13
2 5 0 10
4 2 0 10
2 7 0 2
13 0 0 10
3 1 0 10
2 6 0 5
10 0 0 16
7 9 0 3
9 2 0 4
1 5 0 3
8 7 0 6
9 12 0 4
3 0 0 3
0 11 0 8
5 0 0 11
12 0 0 10
7 9 0 20
2 0 0 6
8 9 0 16
2 11 0 7
8 5 0 3
4 0 0 15
0 1 0 1
4 1 0 14
9 4 0 12
13 3 0 2
7 8 0 3
4 10 0 17
7 5 0 19
10 5 0 14
4 0 0 3
4 2 0 7
4 1 0 17
0 5 0 12
7 0 0 19
0 12 0 14
6 4 0 14
8 6 0 14
10 11 0 18
7 5 0 19
0 10 0 13
8 0 0 5
2 3 0 11
12 1 0 4
8 7 0 1
8 7 0 3
9 13 0 15
4 6 0 14
7 3 0 15
2 8 0 7
3 6 0 15
3 0 0 1
4 2 0 12
6 1 0 20
13 7 0 17
5 1 0 6
7 8 0 18
0 10 0 10
11 3 0 15
5 6 0 3
5 9 0 19
13 10 0 17
8 0 0 11






27 215 10 23 12
19 10 1 16
20 4 1 2
15 21 1 2
13 16 1 15
11 8 1 6
20 2 1 4
23 2 1 7
25 4 1 3
5 6 1 3
21 6 1 1
25 14 1 16
16 8 1 8
0 12 0 17
16 26 0 7
16 26 0 11
14 19 0 17
23 4 0 13
6 18 0 5
16 13 0 19
12 8 0 19
5 6 0 12
8 11 0 2
20 11 0 5
10 16 0 2
21 5 0 6
13 9 0 5
7 5 0 4
19 11 0 14
8 17 0 14
3 2 0 2
21 23 0 2
15 20 0 8
17 13 0 7
20 23 0 18
23 6 0 5
2 19 0 8
1 15 0 6
19 7 0 19
18 15 0 8
4 8 0 7
24 2 0 6
13 17 0 10
3 23 0 8
20 16 0 6
26 1 0 12
0 4 0 6
10 5 0 14
15 13 0 18
20 5 0 16
4 25 0 17
17 11 0 12
0 25 0 12
20 17 0 18
26 10 0 6
17 9 0 11
26 10 0 17
6 9 0 1
12 24 0 6
25 6 0 14
16 10 0 6
15 1 0 20
5 17 0 8
12 10 0 18
15 9 0 8
24 16 0 7
18 15 0 8
5 10 0 14
24 22 0 13
18 10 0 1
7 15 0 19
19 20 0 19
7 25 0 6
19 11 0 16
21 15 0 14
22 12 0 4
6 3 0 9
15 24 0 8
7 10 0 8
13 2 0 4
24 25 0 19
9 7 0 12
11 15 0 14
3 7 0 9
21 18 0 2
11 13 0 9
17 19 0 14
1 8 0 3
22 4 0 6
11 17 0 19
16 4 0 16
20 14 0 6
6 25 0 17
16 17 0 4
13 11 0 19
13 23 0 5
25 2 0 14
2 3 0 12
6 25 0 12
19 26 0 12
23 15 0 18
14 24 0 14
12 19 0 18
4 9 0 15
3 11 0 13
20 24 0 8
11 12 0 3
24 15 0 12
6 10 0 16
9 18 0 20
2 14 0 3
15 17 0 19
16 19 0 7
3 23 0 5
24 26 0 8
2 8 0 3
19 20 0 17
22 18 0 7
7 13 0 5
2 11 0 6
11 13 0 10
25 18 0 2
24 23 0 17
0 26 0 15
1 12 0 19
2 14 0 7
1 6 0 16
1 18 0 10
17 25 0 8
5 16 0 7
22 17 0 16
5 4 0 6
22 1 0 18
3 17 0 2
8 7 0 11
16 10 0 11
17 0 0 19
0 2 0 3
1 19 0 10
4 13 0 18
19 24 0 20
21 3 0 6
18 25 0 7
23 1 0 12
16 25 0 3
21 15 0 10
14 21 0 3
3 21 0 11
9 11 0 12
3 15 0 10
14 24 0 3
14 18 0 11
19 9 0 16
14 21 0 6
26 10 0 9
8 21 0 10
0 8 0 12
20 0 0 18
3 26 0 9
22 2 0 20
26 16 0 6
1 4 0 18
6 12 0 14
14 15 0 10
24 14 0 9
21 23 0 12
22 12 0 9
17 5 0 12
11 25 0 10
16 20 0 16
25 19 0 17
5 21 0 15
18 16 0 16
3 4 0 6
10 1 0 16
16 11 0 13
16 6 0 14
13 12 0 12
11 23 0 11
8 12 0 10
13 10 0 15
18 4 0 7
5 23 0 8
4 15 0 2
7 25 0 18
24 3 0 12
11 19 0 17
26 6 0 12
8 17 0 18
16 15 0 11
16 1 0 3
14 8 0 18
22 13 0 7
20 6 0 11
21 13 0 18
2 10 0 14
20 10 0 4
7 25 0 14
16 7 0 11
0 23 0 19
22 1 0 2
17 16 0 16
17 11 0 19
1 20 0 6
17 4 0 2
16 6 0 14
7 15 0 16
6 22 0 3
12 1 0 8
24 1 0 13
24 23 0 16
2 3 0 14
1 9 0 13
17 26 0 2
1 17 0 13
25 6 0 16






10 4 1 7 16
-1 0 1 20
4 9 1 5
3 2 1 8
5 9 1 12






33 196 1 5 20
0 32 1 8
7 25 1 20
6 11 1 15
22 23 1 17
3 20 1 9
24 16 1 15
5 21 1 20
25 0 1 15
29 5 1 11
5 7 1 17
17 5 1 20
3 11 1 19
7 15 1 15
31 4 1 10
1 6 1 6
9 28 1 13
7 0 1 4
24 25 1 3
3 19 1 6
18 24 1 11
4 7 0 19
19 10 0 5
27 15 0 12
10 13 0 15
15 14 0 3
7 21 0 2
13 28 0 8
5 18 0 17
0 20 0 16
31 5 0 13
1 7 0 1
7 27 0 16
23 19 0 13
21 27 0 4
21 9 0 19
26 14 0 16
24 25 0 11
22 31 0 13
11 29 0 7
18 27 0 3
14 26 0 19
17 31 0 17
28 21 0 16
21 7 0 18
26 27 0 18
13 18 0 7
21 9 0 3
22 29 0 4
9 8 0 17
14 24 0 7
25 5 0 4
8 22 0 14
18 15 0 15
12 3 0 20
31 30 0 1
27 10 0 4
3 29 0 2
4 16 0 11
1 24 0 18
27 5 0 19
14 28 0 10
25 3 0 19
32 21 0 13
28 31 0 4
32 30 0 20
27 24 0 7
8 25 0 12
30 29 0 14
14 30 0 16
6 24 0 16
20 3 0 6
6 26 0 14
12 26 0 10
0 21 0 15
23 20 0 12
9 13 0 6
2 21 0 14
23 18 0 20
28 0 0 17
22 4 0 7
20 25 0 2
15 29 0 19
13 9 0 10
29 7 0 13
11 30 0 17
22 5 0 13
23 7 0 17
15 28 0 2
5 24 0 19
23 11 0 5
30 31 0 9
12 13 0 12
17 25 0 13
15 19 0 12
1 30 0 15
6 20 0 11
22 8 0 10
28 23 0 12
18 26 0 1
5 15 0 12
28 13 0 6
10 23 0 14
22 7 0 11
9 22 0 2
2 24 0 16
26 28 0 18
19 18 0 17
20 11 0 1
14 27 0 7
32 31 0 18
25 26 0 4
19 4 0 16
24 26 0 2
18 0 0 5
32 3 0 8
11 27 0 15
7 11 0 3
12 29 0 16
6 10 0 18
24 9 0 5
24 3 0 13
4 20 0 13
8 11 0 17
18 30 0 9
17 27 0 9
7 5 0 7
23 11 0 2
25 23 0 14
3 27 0 8
8 18 0 10
12 7 0 5
7 12 0 18
4 18 0 1
25 1 0 10
13 18 0 14
3 23 0 19
19 14 0 4
12 4 0 17
2 7 0 17
2 13 0 16
7 23 0 9
16 28 0 13
12 32 0 3
17 24 0 19
20 5 0 19
15 8 0 20
15 25 0 10
25 3 0 19
25 5 0 6
17 5 0 17
26 10 0 7
10 26 0 2
4 5 0 4
17 21 0 11
31 8 0 10
28 21 0 2
15 1 0 13
17 26 0 1
20 18 0 7
31 3 0 10
20 27 0 20
32 4 0 20
9 10 0 1
15 25 0 2
12 21 0 5
10 16 0 3
16 30 0 6
12 14 0 11
12 1 0 8
14 30 0 11
18 17 0 15
1 17 0 19
10 24 0 9
21 6 0 15
20 16 0 6
27 26 0 14
20 7 0 17
15 20 0 5
3 30 0 20
7 11 0 17
15 27 0 2
17 28 0 7
21 4 0 1
3 25 0 10
10 13 0 14
4 5 0 4
13 24 0 3
20 6 0 10
6 7 0 10
27 14 0 9
12 29 0 18
12 11 0 6
30 0 0 2
6 3 0 10
17 11 0 18
12 14 0 6






23 116 16 9 16
20 7 1 15
8 10 1 12
7 9 1 17
11 12 1 15
7 3 1 8
11 15 1 13
15 16 1 8
8 22 1 7
22 19 1 2
11 12 1 19
14 4 1 17
13 12 1 4
6 19 1 12
6 2 1 16
2 9 1 18
13 14 1 2
15 1 0 14
4 9 0 16
6 8 0 3
13 14 0 6
7 5 0 13
17 18 0 1
0 18 0 15
2 1 0 11
16 20 0 13
10 11 0 2
15 21 0 20
6 2 0 4
14 8 0 16
12 22 0 18
-1 0 0 19
8 12 0 5
5 6 0 7
18 8 0 5
8 2 0 1
2 13 0 8
9 22 0 17
12 22 0 7
6 14 0 10
20 3 0 6
8 20 0 14
18 6 0 6
0 12 0 3
17 7 0 6
12 10 0 16
22 12 0 6
20 15 0 13
10 4 0 7
2 11 0 14
3 8 0 16
20 11 0 20
8 6 0 1
9 1 0 19
16 18 0 2
1 2 0 19
14 1 0 3
9 15 0 19
4 2 0 4
15 4 0 4
17 2 0 2
15 16 0 12
7 2 0 20
21 5 0 9
2 15 0 9
1 17 0 13
16 2 0 5
14 6 0 12
3 4 0 10
22 19 0 18
22 7 0 4
2 0 0 5
9 2 0 7
-1 0 0 3
9 19 0 7
14 20 0 17
14 7 0 7
10 15 0 4
14 20 0 12
21 13 0 17
3 7 0 4
10 3 0 9
10 12 0 2
7 13 0 3
2 16 0 12
13 1 0 12
12 16 0 3
13 20 0 5
21 11 0 10
8 9 0 9
11 12 0 16
19 16 0 5
22 21 0 19
4 22 0 6
21 1 0 6
11 14 0 18
21 3 0 8
4 11 0 20
8 9 0 18
4 12 0 2
7 17 0 19
0 14 0 10
12 13 0 13
16 12 0 6
2 10 0 8
22 21 0 20
4 13 0 20
17 18 0 13
1 4 0 15
1 2 0 17
21 10 0 17
8 4 0 9
6 12 0 5
1 5 0 7
19 1 0 5
9 1 0 6
7 22 0 10






28 82 17 4 19
22 6 1 4
5 3 1 14
3 11 1 1
18 19 1 2
16 27 1 16
1 14 1 15
7 10 1 5
12 20 1 14
1 5 1 3
2 22 1 7
13 0 1 6
25 17 1 13
18 5 1 16
18 24 1 7
16 12 1 6
23 13 1 20
5 4 1 11
25 1 1 7
22 2 1 4
20 4 0 2
7 2 0 14
16 11 0 3
24 1 0 16
15 3 0 16
25 19 0 4
18 26 0 1
10 3 0 18
0 12 0 3
22 19 0 13
5 23 0 18
10 2 0 12
11 18 0 7
1 14 0 20
12 13 0 11
16 10 0 3
20 13 0 13
4 23 0 5
9 7 0 1
15 13 0 20
8 18 0 12
17 12 0 14
0 23 0 5
22 24 0 15
13 21 0 1
23 22 0 19
9 14 0 4
22 18 0 19
22 12 0 14
18 11 0 15
6 19 0 9
17 20 0 5
14 20 0 20
2 26 0 17
17 11 0 2
1 7 0 12
23 16 0 2
15 22 0 13
1 16 0 1
18 19 0 20
9 25 0 16
14 26 0 4
2 12 0 9
14 15 0 3
18 16 0 11
15 17 0 18
19 24 0 2
8 11 0 17
0 13 0 13
4 16 0 4
4 9 0 9
7 23 0 3
2 26 0 16
18 12 0 15
17 14 0 15
27 1 0 16
16 20 0 16
17 13 0 12
12 13 0 13
10 2 0 13
9 6 0 18
22 25 0 18
0 27 0 20






-1 -1
6 8 0 20
12 22 0 3
2 12 0 20
5 12 0 11
24 16 0 20
2 11 0 16
18 9 0 8
24 13 0 10
0 10 0 3
12 5 0 8
10 5 0 5
13 17 0 3
15 3 0 3
26 21 0 3
5 1 0 7
16 3 0 10
3 22 0 8
3 2 0 1
24 2 0 3
26 15 0 12
14 9 0 13
10 22 0 7
12 22 0 10
26 20 0 19
8 9 0 13
6 9 0 20
16 13 0 6
19 16 0 4
19 24 0 3
13 6 0 14
12 20 0 3
12 2 0 1
2 14 0 15
8 12 0 20
6 4 0 13
6 11 0 3
22 27 0 16
3 2 0 12
15 21 0 20
13 6 0 2
10 2 0 11
16 14 0 5
16 1 0 4
11 9 0 16
10 15 0 17
18 6 0 12
8 0 0 3
23 15 0 5
10 14 0 2
21 11 0 16
23 21 0 18
17 9 0 4
25 26 0 9
20 21 0 6
12 3 0 2
20 21 0 8
27 14 0 8
1 21 0 7
21 4 0 18
2 9 0 17
17 4 0 15
6 21 0 8
5 19 0 18
6 23 0 19
15 7 0 2
24 27 0 12
23 10 0 18
6 23 0 19
5 0 0 19
1 2 0 5
10 19 0 9
12 9 0 15
20 15 0 14
9 21 0 13
8 20 0 9
21 17 0 16
0 12 0 19
5 19 0 18
20 24 0 11
6 26 0 9
18 20 0 5
19 5 0 10
13 9 0 17
10 18 0 14
2 10 0 3
2 4 0 8
26 4 0 12
4 22 0 11
17 26 0 15
3 4 0 1
20 23 0 6
12 26 0 15
13 11 0 16
14 21 0 10
19 23 0 5
17 10 0 5
16 8 0 9
0 24 0 7
14 25 0 9
25 1 0 14
1 5 0 17
26 17 0 7
0 14 0 18
23 0 0 7
21 4 0 6
17 5 0 4
1 22 0 20
13 22 0 20
7 8 0 18
0 17 0 19
9 3 0 8
13 1 0 17
27 14 0 15
24 9 0 12
26 14 0 12
24 3 0 5
3 16 0 11
3 2 0 13
10 22 0 2
15 22 0 11
5 16 0 18
0 1 0 4
8 13 0 6
19 21 0 11
26 20 0 10
9 16 0 17
25 19 0 18
20 6 0 20
8 17 0 10
1 4 0 16
12 22 0 16
25 6 0 6
12 15 0 3
25 6 0 4
4 16 0 8
24 25 0 12
21 6 0 16
2 10 0 14
13 3 0 3
18 4 0 4
2 16 0 14
1 14 0 12
14 10 0 15
12 8 0 9
16 24 0 17
11 21 0 6
23 26 0 17






10 2 6 3 2
1 8 1 10
2 1 1 12






-1 -1
