2 0.00139333
3 0.002075
4 0.0033656
5 0.00546016
6 0.0082811
7 0.0124381
8 0.0275642
9 0.01873
10 0.0220398
11 0.0283507
12 0.0417064
13 0.0428819
14 0.0509241
15 0.0655454
16 0.0685108
17 0.0830643
18 0.0914236
19 0.107662
20 0.132587
21 0.140801
22 0.151069
23 0.165748
24 0.186549
25 0.259594
26 0.22253
27 0.242007
28 0.269773
29 0.288354
30 0.310882
31 0.337037
32 0.361902
33 0.388348
34 0.417123
35 0.449179
36 0.479361
37 0.511323
38 0.548017
39 0.578217
40 0.613533
41 0.651102
42 0.687598
43 0.727797
44 0.771576
45 0.805832
46 0.850083
47 0.893352
48 0.938345
49 0.986188
50 1.03111
51 1.08137
52 1.12933
53 1.18367
54 1.232
55 1.28727
56 1.34663
57 1.39615
58 1.45451
59 1.51742
60 1.57482
61 1.63819
62 1.69604
63 1.76384
64 1.83478
65 1.89261
66 1.96835
67 2.03823
68 2.11497
69 2.17837
70 2.28359
71 2.3242
72 2.40663
73 2.48476
74 2.55783
75 2.64296
76 2.719
77 2.80583
78 2.89045
79 2.97069
80 3.05603
81 3.15015
82 3.23394
83 3.32443
84 3.41231
85 3.50944
86 3.60503
87 3.70076
88 3.79774
89 3.89618
90 3.99002
91 4.09735
92 4.19947
93 4.31918
94 4.40407
95 4.52046
96 4.61644
97 4.72648
98 4.84526
99 4.95211
100 5.07142
101 5.17978
102 5.28902
103 5.40424
104 5.55052
105 5.64561
106 5.78732
107 5.8938
108 6.01165
109 6.14607
110 6.26222
111 6.39573
112 6.51477
113 6.66004
114 6.78576
115 6.92209
116 7.06123
117 7.18269
118 7.33663
119 7.47645
120 7.61318
121 7.77337
122 7.889
123 8.05453
124 8.18133
125 8.3346
126 8.48231
127 8.62704
128 8.7879
129 8.93246
130 9.08706
131 9.25463
132 9.40844
133 9.80691
134 9.74329
135 9.90571
136 10.0458
137 10.2046
138 10.3935
139 10.5438
140 10.7095
141 10.8807
142 11.054
143 11.2274
144 11.4335
145 11.5805
146 11.7511
147 11.9242
148 12.1008
149 12.3112
150 12.4692
151 12.663
152 12.8493
153 13.0298
154 13.2322
155 13.4372
156 13.5945
157 13.8013
158 13.9854
159 14.2175
160 14.3896
161 14.5778
162 14.7836
163 14.9991
164 15.1861
165 15.3995
166 15.6115
167 15.8162
168 16.04
169 16.2297
170 16.4418
171 16.6487
172 16.8709
173 17.0858
174 17.3051
175 17.5544
176 17.7438
177 17.9668
178 18.2037
179 18.4218
180 18.6623
181 18.8819
182 19.1006
183 19.3689
184 19.5888
185 19.8146
186 20.0809
187 20.3011
188 20.517
189 20.7993
190 21.0135
191 21.2966
192 21.4889
193 21.7465
194 21.9813
195 22.2548
196 22.512
197 22.7401
198 23.2294
199 23.2497
