2 0.00135706
3 0.00175585
4 0.00265813
5 0.00418561
6 0.00622417
7 0.0096151
8 0.0130094
9 0.0170929
10 0.0218869
11 0.0283116
12 0.0342306
13 0.0445594
14 0.0498045
15 0.0584342
16 0.0681266
17 0.0814007
18 0.0904298
19 0.104338
20 0.118798
21 0.133522
22 0.151588
23 0.16505
24 0.183177
25 0.200755
26 0.220728
27 0.239953
28 0.2631
29 0.284793
30 0.308786
31 0.333152
32 0.359627
33 0.386724
34 0.415602
35 0.447901
36 0.477398
37 0.507869
38 0.540921
39 0.573635
40 0.609175
41 0.648478
42 0.685232
43 0.726569
44 0.771338
45 0.811487
46 0.844791
47 0.889938
48 0.934984
49 0.977314
50 1.02612
51 1.07676
52 1.12548
53 1.17604
54 1.22773
55 1.28393
56 1.33462
57 1.39136
58 1.45134
59 1.53085
60 1.56736
61 1.62871
62 1.69194
63 1.75774
64 1.82211
65 1.88749
66 1.95189
67 2.02949
68 2.09876
69 2.17062
70 2.24315
71 2.32076
72 2.39357
73 2.47777
74 2.5459
75 2.62669
76 2.70776
77 2.79108
78 2.87201
79 2.95519
80 3.04208
81 3.13012
82 3.21906
83 3.3083
84 3.40216
85 3.48622
86 3.58352
87 3.67735
88 3.77439
89 3.8739
90 3.97359
91 4.06765
92 4.17397
93 4.27703
94 4.37424
95 4.48766
96 4.59813
97 4.69973
98 4.81438
99 4.92412
100 5.0605
101 5.17001
102 5.26351
103 5.3967
104 5.49758
105 5.64739
106 5.78463
107 5.92432
108 6.01104
109 6.1406
110 6.28048
111 6.40469
112 6.53429
113 6.67392
114 6.77334
115 6.89839
116 7.05895
117 7.16231
118 7.31606
119 7.44393
120 7.56927
121 7.73128
122 7.85175
123 8.00805
124 8.14819
125 8.2849
126 8.43996
127 8.60792
128 8.76363
129 8.8847
130 9.04102
131 9.2012
132 9.36709
133 9.51762
134 9.67931
135 9.88084
136 10.0335
137 10.1633
138 10.3385
139 10.4898
140 10.6596
141 10.8372
142 11.0127
143 11.1679
144 11.3518
145 11.5335
146 11.7156
147 11.8742
148 12.0844
149 12.2475
150 12.4258
151 12.6309
152 12.7907
153 12.9811
154 13.1662
155 13.3558
156 13.5788
157 13.7476
158 13.9667
159 14.1285
160 14.3347
161 14.5162
162 14.7282
163 14.9213
164 15.1319
165 15.3399
166 15.5287
167 15.755
168 15.95
169 16.1572
170 16.3966
171 16.589
172 16.7937
173 17.0201
174 17.258
175 17.5242
176 17.6664
177 18.1744
178 18.1189
179 18.3318
180 18.5686
181 18.8271
182 19.0825
183 19.345
184 19.6009
185 19.8855
186 20.0811
187 20.3919
188 20.4463
189 20.7293
190 20.9287
191 21.1768
192 21.4184
193 21.686
194 21.8997
195 22.1765
196 22.4095
197 22.6604
198 22.9129
199 23.1607
