2 0.00169364
3 0.00238159
4 0.0034264
5 0.00439243
6 0.00640792
7 0.00902492
8 0.0129897
9 0.0175413
10 0.0224135
11 0.0282634
12 0.0344833
13 0.0410841
14 0.0496082
15 0.0588405
16 0.068904
17 0.0793558
18 0.0928373
19 0.107026
20 0.118507
21 0.134032
22 0.149319
23 0.166416
24 0.183829
25 0.202082
26 0.223126
27 0.244264
28 0.265809
29 0.289473
30 0.313454
31 0.340151
32 0.36629
33 0.393535
34 0.424701
35 0.455401
36 0.485164
37 0.518514
38 0.55453
39 0.588214
40 0.625082
41 0.659712
42 0.700875
43 0.739046
44 0.781
45 0.82216
46 0.868998
47 0.911879
48 0.956573
49 1.02741
50 1.0537
51 1.10261
52 1.15372
53 1.20446
54 1.25689
55 1.31383
56 1.36965
57 1.42773
58 1.48327
59 1.54483
60 1.60682
61 1.66838
62 1.73278
63 1.79345
64 1.86268
65 1.9261
66 2.00453
67 2.09303
68 2.21188
69 2.22749
70 2.29157
71 2.36621
72 2.45947
73 2.5194
74 2.5972
75 2.67825
76 2.75922
77 2.84622
78 2.92749
79 3.01404
80 3.10153
81 3.18618
82 3.2765
83 3.36881
84 3.46274
85 3.55441
86 3.64981
87 3.74469
88 3.84592
89 3.93942
90 4.055
91 4.14375
92 4.24195
93 4.37735
94 4.50075
95 4.58805
96 4.69208
97 4.786
98 4.90035
99 5.00796
100 5.12413
101 5.24777
102 5.34865
103 5.46744
104 5.59563
105 5.70964
106 5.83954
107 5.96267
108 6.12518
109 6.20213
110 6.33765
111 6.46283
112 6.59978
113 6.73212
114 6.86007
115 6.99219
116 7.13722
117 7.27266
118 7.42093
119 7.5541
120 7.70672
121 7.83717
122 8.00545
123 8.12719
124 8.27755
125 8.42973
126 8.58176
127 8.73025
128 8.89026
129 9.04134
130 9.19943
131 9.359
132 9.51686
133 9.88667
134 9.84759
135 10.0061
136 10.1701
137 10.3445
138 10.5014
139 10.7202
140 10.8467
141 11.0559
142 11.3268
143 11.3958
144 11.5641
145 11.7292
146 11.8991
147 12.088
148 12.279
149 12.4978
150 12.6561
151 12.8131
152 13.0184
153 13.2136
154 13.384
155 13.596
156 13.8169
157 14.0077
158 14.1775
159 14.4052
160 14.5753
161 14.8045
162 15.1014
163 15.2548
164 15.402
165 15.5973
166 15.8568
167 16.0357
168 16.2599
169 16.4771
170 16.6679
171 16.887
172 17.09
173 17.3235
174 17.5564
175 17.7778
176 18.0201
177 18.2051
178 18.4471
179 18.6717
180 18.8984
181 19.1304
182 19.3653
183 19.6132
184 20.1477
185 20.1278
186 20.367
187 20.5725
188 20.8503
189 21.1306
190 21.3257
191 21.5469
192 21.912
193 22.0923
194 22.3295
195 22.5443
196 22.807
197 23.0822
198 23.3474
199 23.6145
