21 100 15 20 22
15 19 1 20
2 20 1 14
18 12 1 18
4 5 1 12
9 15 1 19
12 13 0 11
19 2 0 14
11 12 0 7
17 11 0 6
10 11 0 12
4 10 0 10
1 4 0 16
14 5 0 19
16 14 0 20
18 3 0 20
15 12 0 18
10 14 0 1
14 2 0 2
15 4 0 19
17 7 0 6
9 3 0 12
13 7 0 13
16 1 0 8
10 12 0 9
9 4 0 10
20 17 0 6
17 14 0 12
14 9 0 13
17 4 0 16
8 12 0 17
0 1 0 20
12 16 0 8
14 12 0 8
10 20 0 11
1 7 0 9
12 4 0 7
16 10 0 17
1 3 0 15
9 10 0 18
20 8 0 19
6 19 0 15
12 17 0 1
19 7 0 12
18 9 0 14
10 3 0 11
11 1 0 3
13 10 0 17
7 8 0 14
7 10 0 18
20 3 0 6
17 19 0 2
18 15 0 10
13 2 0 7
14 7 0 14
13 5 0 2
15 8 0 16
12 3 0 12
14 18 0 2
3 7 0 6
13 1 0 13
1 20 0 17
19 12 0 15
16 17 0 6
20 5 0 7
17 18 0 20
8 18 0 16
1 8 0 10
3 4 0 12
5 11 0 7
19 9 0 6
14 3 0 18
3 11 0 14
20 7 0 19
16 8 0 7
9 17 0 13
11 14 0 17
1 2 0 19
11 20 0 17
2 5 0 16
14 15 0 15
20 14 0 17
4 14 0 17
7 12 0 15
9 12 0 12
15 20 0 10
13 19 0 20
8 5 0 13
5 10 0 6
5 7 0 20
9 13 0 8
11 13 0 8
20 9 0 19
6 8 0 8
16 15 0 13
18 20 0 19
9 6 0 20
17 6 0 12
8 3 0 4
15 3 0 4
13 8 0 3






-1 -1
3
18 16 0 20
9 7 0 16
9 10 0 16
12 16 0 7
19 8 0 15
5 13 0 17
14 7 0 2
8 12 0 15
7 2 0 12
19 20 0 6
17 4 0 18
1 19 0 14
14 4 0 10
14 21 0 19
22 5 0 14
6 2 0 6
22 2 0 5
21 2 0 13
18 15 0 9
20 17 0 9
8 14 0 16
15 10 0 20
12 21 0 5
8 9 0 10
20 8 0 9
4 7 0 4
18 11 0 1
6 12 0 11
16 21 0 11
22 10 0 3
15 5 0 14
11 4 0 14
3 13 0 2
2 16 0 1
3 15 0 20
1 21 0 10
11 8 0 4






-1 -1
