23 139 22 15 20
14 12 1 18
22 13 1 19
19 13 1 18
7 18 1 8
8 15 1 2
8 18 1 1
18 5 1 10
13 17 1 20
5 8 1 5
16 19 1 5
19 9 1 2
16 20 0 10
11 5 0 7
17 12 0 16
7 13 0 8
14 11 0 16
2 10 0 16
2 20 0 5
1 15 0 13
13 1 0 8
17 18 0 2
17 5 0 3
10 11 0 2
16 11 0 18
10 3 0 13
8 21 0 4
18 22 0 19
7 5 0 15
15 22 0 19
21 9 0 2
7 10 0 13
22 19 0 9
13 6 0 14
16 9 0 13
17 19 0 13
16 13 0 16
9 5 0 14
18 2 0 9
3 2 0 2
15 6 0 18
14 15 0 5
19 2 0 12
16 3 0 17
10 12 0 14
9 20 0 1
22 9 0 8
21 5 0 17
1 16 0 19
16 8 0 9
12 13 0 10
12 20 0 15
5 10 0 4
11 2 0 5
1 5 0 16
9 13 0 10
9 6 0 19
10 20 0 4
6 20 0 10
19 12 0 4
9 18 0 12
19 6 0 6
14 5 0 4
4 15 0 2
20 15 0 12
1 17 0 4
4 5 0 7
4 20 0 3
13 4 0 4
1 8 0 1
19 21 0 8
13 15 0 15
3 22 0 3
6 1 0 12
15 16 0 4
18 19 0 10
22 8 0 10
6 3 0 13
4 10 0 11
11 22 0 11
6 11 0 3
2 17 0 4
22 4 0 8
4 16 0 19
17 11 0 14
9 15 0 14
14 20 0 19
11 15 0 15
9 3 0 18
12 5 0 1
10 19 0 12
20 13 0 7
6 4 0 10
4 19 0 2
17 14 0 8
3 8 0 16
15 21 0 11
2 1 0 19
21 22 0 8
12 22 0 17
7 12 0 19
2 9 0 11
12 18 0 3
18 16 0 20
9 7 0 16
9 10 0 16
12 16 0 7
19 8 0 15
5 13 0 17
14 7 0 2
8 12 0 15
7 2 0 12
19 20 0 6
17 4 0 18
1 19 0 14
14 4 0 10
14 21 0 19
22 5 0 14
6 2 0 6
22 2 0 5
21 2 0 13
18 15 0 9
20 17 0 9
8 14 0 16
15 10 0 20
12 21 0 5
8 9 0 10
20 8 0 9
4 7 0 4
18 11 0 1
6 12 0 11
16 21 0 11
22 10 0 3
15 5 0 14
11 4 0 14
3 13 0 2
2 16 0 1
3 15 0 20
1 21 0 10
11 8 0 4






-1 -1
