34 69 9 31 14
4 15 1 2
34 11 1 31
23 1 1 38
7 9 1 28
10 4 1 39
26 31 1 50
14 4 1 27
19 1 1 46
5 26 1 22
14 34 1 8
23 11 1 10
23 10 1 17
13 6 1 5
10 20 1 32
9 30 0 11
8 21 0 47
5 1 0 22
32 19 0 18
5 31 0 45
8 18 0 22
16 15 0 30
2 3 0 27
17 15 0 45
23 24 0 8
13 32 0 15
12 13 0 22
17 18 0 30
25 23 0 10
32 27 0 14
31 34 0 40
10 15 0 2
25 26 0 48
32 8 0 14
2 5 0 37
34 17 0 44
26 3 0 25
13 28 0 30
34 18 0 34
21 15 0 36
5 19 0 3
14 29 0 50
3 28 0 35
28 25 0 22
15 1 0 21
25 34 0 11
6 25 0 6
8 4 0 1
27 11 0 22
34 32 0 34
15 2 0 33
30 23 0 43
24 25 0 44
19 18 0 12
28 6 0 42
8 30 0 45
13 9 0 32
20 17 0 29
28 9 0 15
19 17 0 48
32 31 0 45
4 26 0 45
12 24 0 1
13 16 0 8
21 10 0 31
20 25 0 6
27 3 0 31
32 30 0 25
14 23 0 21
6 15 0 1






35 12 24 2 1
31 14 1 6
28 34 0 6
34 17 0 18
14 17 0 24
13 20 0 22
12 10 0 5
5 16 0 16
32 26 0 43
8 9 0 18
32 9 0 40
21 4 0 10
11 31 0 28






66 195 48 18 19
57 23 1 34
55 54 1 38
11 42 1 29
43 61 1 30
13 54 1 40
24 23 1 36
51 52 1 32
39 29 1 32
37 13 1 40
33 58 1 16
47 48 1 14
1 36 1 36
32 46 1 13
54 20 1 4
18 31 1 39
41 54 1 43
23 38 1 37
32 8 1 41
9 44 1 23
59 9 0 13
62 54 0 18
19 54 0 2
28 18 0 13
13 3 0 23
56 20 0 21
18 61 0 4
2 15 0 21
36 44 0 50
33 52 0 4
39 44 0 38
36 37 0 49
15 54 0 18
28 13 0 33
20 23 0 24
28 12 0 19
2 27 0 11
26 29 0 35
20 62 0 22
20 26 0 8
63 65 0 31
44 33 0 8
12 47 0 7
31 8 0 11
66 26 0 36
39 53 0 35
29 55 0 48
11 12 0 18
6 31 0 31
46 48 0 31
1 42 0 41
65 19 0 23
32 28 0 50
52 59 0 19
19 58 0 50
6 28 0 11
4 54 0 25
27 63 0 46
12 3 0 46
57 48 0 26
61 46 0 39
63 44 0 26
29 10 0 31
42 59 0 25
61 11 0 40
38 14 0 49
66 18 0 27
16 42 0 31
41 1 0 49
29 42 0 4
66 36 0 3
10 32 0 27
37 60 0 36
28 34 0 34
8 26 0 35
42 61 0 22
38 61 0 33
20 8 0 15
65 49 0 36
43 9 0 27
3 6 0 20
7 15 0 7
53 50 0 10
43 2 0 31
24 16 0 38
12 57 0 33
15 27 0 25
32 44 0 42
24 40 0 28
3 17 0 30
21 19 0 25
8 23 0 4
26 10 0 41
33 51 0 19
8 6 0 10
5 17 0 9
63 30 0 13
51 61 0 46
43 18 0 44
16 18 0 50
64 38 0 22
50 43 0 10
49 66 0 45
31 32 0 8
21 37 0 37
25 40 0 16
17 36 0 15
35 19 0 21
28 61 0 46
61 10 0 31
42 7 0 50
39 55 0 24
61 37 0 11
23 66 0 22
34 18 0 37
49 42 0 46
14 56 0 33
6 22 0 21
58 48 0 3
59 40 0 7
11 16 0 13
64 54 0 45
27 46 0 8
55 1 0 41
46 1 0 10
6 14 0 30
5 25 0 7
40 30 0 9
26 21 0 28
5 13 0 9
59 21 0 4
51 18 0 32
32 42 0 7
49 28 0 21
61 6 0 35
26 9 0 36
31 14 0 39
24 51 0 8
38 8 0 17
31 12 0 9
65 2 0 16
47 53 0 37
14 18 0 45
26 64 0 50
39 58 0 27
14 15 0 10
4 44 0 45
16 1 0 19
60 36 0 48
54 66 0 40
60 62 0 49
21 42 0 43
64 53 0 16
14 13 0 25
57 49 0 14
40 61 0 41
31 62 0 36
33 12 0 8
19 3 0 15
10 56 0 32
11 49 0 23
16 2 0 37
2 63 0 11
6 10 0 47
4 66 0 21
60 1 0 15
62 1 0 17
41 33 0 16
18 49 0 18
30 59 0 43
41 3 0 47
43 16 0 46
23 16 0 30
52 19 0 39
28 22 0 29
49 13 0 23
65 6 0 34
9 46 0 4
28 63 0 3
51 1 0 31
59 64 0 27
50 41 0 43
39 61 0 22
25 44 0 28
17 6 0 37
7 52 0 18
36 48 0 7
61 55 0 45
52 16 0 37
24 1 0 49
52 1 0 12
15 40 0 50
57 13 0 1
48 37 0 24
57 53 0 19
19 60 0 6






81 45 16 9 3
1 70 1 48
58 37 1 10
71 22 1 5
17 4 0 29
72 10 0 45
41 42 0 32
69 59 0 48
15 5 0 1
66 75 0 22
45 25 0 2
30 41 0 26
68 33 0 39
1 39 0 49
7 71 0 21
48 61 0 45
24 22 0 16
63 25 0 13
68 55 0 31
25 55 0 4
75 18 0 30
53 63 0 29
34 50 0 18
68 66 0 18
43 7 0 7
36 55 0 13
39 13 0 3
19 75 0 31
56 77 0 11
17 20 0 6
68 14 0 2
78 1 0 35
63 50 0 2
81 37 0 20
71 14 0 38
51 49 0 38
10 7 0 14
71 41 0 50
10 15 0 42
20 32 0 44
4 34 0 28
5 47 0 50
3 44 0 33
67 59 0 18
34 49 0 7
7 18 0 17






43 93 33 8 40
9 1 1 34
42 43 1 27
38 1 1 27
38 30 1 30
38 31 1 15
22 21 1 4
36 41 1 14
42 33 1 10
10 40 1 43
16 21 1 41
12 21 1 39
22 1 1 28
16 15 1 10
35 1 1 21
29 30 1 33
40 9 1 27
33 1 1 41
17 34 1 12
7 43 1 50
4 7 1 33
43 10 1 25
40 23 1 34
28 39 1 5
8 30 1 9
17 16 1 33
13 4 1 7
22 36 1 17
19 9 1 30
41 7 1 47
17 2 1 17
5 2 1 47
13 33 1 16
34 10 1 3
26 17 1 38
2 34 1 45
16 3 1 45
22 16 1 37
28 27 1 40
16 24 1 9
38 32 1 44
15 36 0 30
36 6 0 11
2 31 0 11
40 5 0 41
22 6 0 22
11 14 0 38
3 35 0 17
31 20 0 46
8 27 0 40
34 14 0 48
19 20 0 2
40 13 0 30
8 14 0 17
27 10 0 15
20 32 0 35
38 42 0 10
8 2 0 46
36 24 0 12
39 31 0 37
22 13 0 14
29 32 0 13
29 28 0 31
25 35 0 33
10 2 0 26
39 30 0 42
32 17 0 31
38 24 0 36
28 8 0 45
36 38 0 47
12 8 0 3
9 37 0 5
26 14 0 34
3 38 0 4
37 3 0 20
37 34 0 28
17 14 0 48
38 9 0 21
2 28 0 13
31 12 0 19
40 24 0 31
18 32 0 47
19 6 0 19
4 9 0 28
24 2 0 44
19 30 0 30
28 3 0 18
17 40 0 18
14 41 0 31
17 21 0 15
15 17 0 7
12 26 0 22
2 1 0 22
5 4 0 40






-1 -1
