32 433 8 1 26
4 28 1 13
5 22 1 17
6 14 1 15
22 12 1 19
3 16 1 17
4 5 1 18
27 31 1 18
10 4 1 19
23 18 1 16
30 18 1 6
15 22 1 2
27 26 1 7
24 31 1 12
18 20 1 4
21 25 1 3
18 19 1 5
15 28 1 12
17 19 1 13
22 31 1 12
7 25 1 13
13 16 1 4
1 2 1 7
14 1 1 5
1 18 1 12
5 16 1 1
9 16 1 1
31 5 1 3
10 11 1 11
15 23 1 3
8 22 1 8
20 4 1 1
25 4 1 18
16 20 1 18
2 24 1 1
7 1 1 4
13 9 1 2
22 23 1 17
17 8 1 7
12 15 1 1
20 3 1 20
28 27 1 3
21 10 1 18
14 11 1 10
23 17 1 6
10 23 1 12
15 14 1 6
11 30 1 5
30 10 1 4
6 29 1 2
17 24 1 16
31 12 1 5
25 16 1 4
18 29 1 14
10 6 1 1
9 21 0 14
30 31 0 7
6 1 0 12
26 15 0 3
10 15 0 20
5 7 0 3
5 2 0 9
17 10 0 1
10 8 0 19
1 3 0 11
14 20 0 18
12 30 0 4
3 2 0 15
9 17 0 19
12 21 0 4
20 6 0 9
16 15 0 13
30 23 0 8
19 3 0 5
23 5 0 6
3 25 0 10
6 12 0 11
18 27 0 2
6 4 0 20
25 26 0 3
28 9 0 16
4 31 0 4
13 31 0 13
6 24 0 10
7 29 0 10
23 25 0 9
27 2 0 16
24 30 0 12
23 1 0 15
26 14 0 1
11 19 0 10
19 6 0 15
7 12 0 14
5 8 0 19
25 28 0 4
6 22 0 17
21 3 0 19
31 28 0 8
7 6 0 10
4 18 0 8
6 23 0 4
11 21 0 20
24 29 0 20
1 17 0 18
11 15 0 1
2 22 0 19
12 5 0 15
27 3 0 5
21 7 0 2
19 12 0 3
1 22 0 7
4 13 0 19
19 14 0 20
4 24 0 14
17 26 0 15
3 5 0 4
21 19 0 20
14 18 0 12
30 5 0 19
28 5 0 4
14 9 0 17
9 15 0 14
11 17 0 6
28 17 0 2
6 27 0 12
8 3 0 20
16 31 0 3
5 25 0 5
23 12 0 11
8 24 0 7
12 8 0 3
27 20 0 4
15 27 0 7
9 10 0 9
20 30 0 18
22 20 0 17
8 20 0 1
22 27 0 17
16 7 0 2
17 15 0 7
31 25 0 20
11 24 0 13
16 12 0 3
21 1 0 14
5 9 0 1
17 30 0 15
21 18 0 6
27 1 0 20
9 6 0 8
9 22 0 7
4 21 0 11
7 31 0 18
24 14 0 5
6 2 0 6
28 23 0 11
2 14 0 1
18 22 0 3
19 23 0 7
12 28 0 4
4 7 0 18
20 25 0 19
24 12 0 2
28 18 0 15
3 6 0 16
27 29 0 19
18 31 0 9
21 22 0 12
14 23 0 14
16 18 0 10
27 10 0 9
27 19 0 2
22 19 0 18
25 1 0 4
18 15 0 3
10 29 0 5
20 23 0 6
4 17 0 13
29 17 0 2
9 2 0 20
6 11 0 12
10 31 0 3
23 2 0 19
23 31 0 3
4 16 0 13
15 21 0 20
13 3 0 15
7 19 0 3
0 1 0 19
13 10 0 13
4 26 0 16
20 9 0 12
21 30 0 15
23 21 0 4
26 22 0 12
8 2 0 1
2 16 0 15
13 19 0 4
8 6 0 8
10 1 0 2
30 13 0 5
5 20 0 10
24 20 0 2
17 18 0 4
31 15 0 16
31 20 0 4
7 24 0 20
27 11 0 3
13 15 0 19
11 2 0 17
2 17 0 1
10 16 0 16
3 15 0 17
17 16 0 4
4 27 0 7
18 8 0 2
27 5 0 17
15 20 0 16
13 6 0 16
25 6 0 9
20 12 0 8
3 4 0 5
29 30 0 7
5 24 0 11
5 6 0 3
25 18 0 16
12 10 0 10
18 6 0 4
9 24 0 14
30 28 0 17
1 29 0 9
9 27 0 3
22 14 0 18
21 2 0 8
28 19 0 1
29 28 0 6
20 26 0 12
8 23 0 13
22 13 0 18
25 29 0 10
2 7 0 11
24 27 0 8
25 24 0 4
7 30 0 7
5 11 0 18
9 26 0 17
4 14 0 14
13 24 0 13
26 21 0 9
9 25 0 18
26 1 0 15
28 8 0 2
16 29 0 6
10 28 0 3
8 4 0 20
7 8 0 9
18 24 0 12
16 6 0 4
10 22 0 5
28 24 0 9
3 30 0 12
23 16 0 12
29 5 0 20
20 21 0 2
11 18 0 20
14 8 0 11
25 19 0 6
31 8 0 13
3 11 0 2
9 8 0 19
5 13 0 9
29 22 0 2
1 24 0 12
15 25 0 8
25 11 0 3
6 21 0 13
2 15 0 9
13 8 0 6
2 19 0 15
11 8 0 17
10 7 0 20
17 31 0 15
31 1 0 15
3 18 0 7
12 29 0 14
13 12 0 19
28 2 0 16
26 13 0 4
19 4 0 7
30 16 0 12
31 11 0 12
18 9 0 19
11 9 0 6
24 16 0 12
14 17 0 15
26 12 0 5
2 26 0 2
26 31 0 5
8 30 0 12
27 14 0 8
31 2 0 14
7 3 0 19
28 11 0 19
11 22 0 2
10 25 0 9
28 1 0 1
29 14 0 7
21 13 0 5
28 22 0 16
20 17 0 4
17 25 0 10
25 13 0 1
12 14 0 20
25 8 0 18
13 1 0 14
6 17 0 13
28 13 0 13
23 27 0 2
7 9 0 20
11 29 0 3
25 30 0 2
21 16 0 1
26 30 0 17
6 26 0 14
8 26 0 1
12 4 0 7
2 4 0 16
16 22 0 2
20 28 0 6
30 27 0 9
5 21 0 12
3 14 0 8
1 16 0 10
26 23 0 7
30 1 0 17
19 1 0 6
10 5 0 14
30 22 0 6
29 15 0 19
22 4 0 11
8 27 0 2
11 20 0 9
6 30 0 10
26 3 0 3
9 1 0 14
29 4 0 3
1 12 0 1
16 27 0 8
13 14 0 3
23 13 0 14
5 15 0 15
21 17 0 10
25 27 0 5
10 26 0 16
21 8 0 17
20 19 0 1
11 12 0 10
28 3 0 18
16 14 0 9
13 17 0 18
7 28 0 7
1 5 0 12
2 12 0 12
21 27 0 20
4 11 0 15
26 19 0 16
29 20 0 8
8 1 0 13
8 29 0 7
30 19 0 7
30 14 0 13
3 9 0 5
22 3 0 8
2 18 0 15
1 11 0 4
9 30 0 5
31 19 0 19
25 2 0 1
26 16 0 9
17 12 0 14
13 18 0 11
5 14 0 18
31 29 0 9
17 3 0 4
10 20 0 12
6 28 0 13
19 24 0 8
9 19 0 3
12 9 0 6
10 2 0 15
16 19 0 14
24 22 0 8
31 3 0 18
2 30 0 2
19 8 0 20
29 19 0 9
11 13 0 7
23 9 0 16
14 25 0 20
12 27 0 13
10 18 0 8
20 2 0 2
14 28 0 19
24 15 0 14
15 1 0 15
26 29 0 15
31 21 0 14
27 17 0 8
7 26 0 15
19 5 0 12
12 18 0 7
10 24 0 13
22 17 0 4
21 28 0 7
29 2 0 15
3 29 0 17
5 17 0 5
7 13 0 4
21 14 0 9
29 21 0 8
6 15 0 9
7 20 0 8
4 9 0 17
4 1 0 3
7 15 0 5
25 12 0 19
29 9 0 6
21 24 0 13
4 23 0 20
13 20 0 12
23 7 0 11
8 15 0 2
14 10 0 12
7 14 0 4
13 27 0 17






11 47 9 3 19
4 6 0 13
4 1 0 18
9 4 0 18
9 10 0 20
7 11 0 6
10 5 0 18
8 2 0 6
6 3 0 7
10 2 0 2
4 5 0 12
10 3 0 10
3 1 0 20
6 5 0 1
1 10 0 13
0 1 0 5
8 6 0 2
1 2 0 6
7 8 0 3
2 3 0 18
9 7 0 18
6 7 0 12
8 1 0 1
9 8 0 8
8 3 0 9
2 5 0 4
3 4 0 7
2 6 0 15
1 7 0 10
2 9 0 20
3 5 0 3
8 4 0 17
10 7 0 16
8 5 0 10
4 2 0 13
9 1 0 5
3 7 0 18
9 3 0 11
5 7 0 8
6 9 0 9
1 6 0 11
10 8 0 6
2 7 0 17
7 4 0 10
5 1 0 17
10 6 0 13
10 4 0 18
5 9 0 6






32 185 18 32 16
16 25 1 11
4 14 1 19
17 20 1 1
15 11 1 16
15 9 1 10
18 15 1 12
9 21 1 7
4 23 1 20
13 11 1 2
30 10 1 10
4 25 1 2
14 29 1 3
9 13 1 14
5 27 1 9
8 9 1 13
10 26 1 11
29 2 1 4
7 5 1 18
30 17 1 16
11 14 1 18
16 17 1 14
13 31 1 6
23 7 1 2
21 11 1 20
29 19 1 4
13 28 1 13
11 24 1 2
29 30 1 10
7 27 1 18
27 6 1 7
24 21 1 16
13 2 1 18
31 24 1 20
28 12 1 2
20 8 1 12
19 20 1 11
12 31 1 18
5 28 1 11
2 3 1 2
16 29 1 7
11 20 1 11
31 30 1 8
14 26 1 7
7 13 1 11
19 31 1 2
25 10 1 12
23 15 1 16
15 31 1 4
5 10 1 15
24 17 1 19
18 3 1 17
31 27 1 15
11 17 1 1
18 2 1 9
18 14 1 10
5 29 1 11
6 7 1 11
23 24 1 12
23 18 1 3
22 17 1 13
31 8 0 13
11 26 0 16
24 12 0 5
22 23 0 3
21 27 0 4
15 1 0 10
26 23 0 18
5 13 0 7
23 3 0 4
25 17 0 19
12 9 0 14
13 30 0 20
11 18 0 7
6 1 0 19
8 26 0 6
1 30 0 18
6 3 0 9
9 30 0 7
1 22 0 8
19 1 0 4
16 13 0 13
4 24 0 14
18 29 0 10
5 4 0 5
10 20 0 11
30 28 0 8
25 29 0 17
4 15 0 6
23 31 0 10
7 2 0 5
8 19 0 14
10 18 0 17
8 22 0 2
23 20 0 6
2 12 0 2
3 15 0 4
22 18 0 1
23 27 0 15
3 26 0 17
25 2 0 6
3 24 0 17
8 25 0 8
9 27 0 18
24 30 0 18
6 15 0 4
20 4 0 10
21 26 0 16
7 20 0 2
12 17 0 16
9 24 0 20
6 24 0 4
31 29 0 14
3 16 0 5
7 10 0 14
28 26 0 14
4 6 0 15
3 14 0 14
26 29 0 14
28 1 0 17
25 3 0 8
25 26 0 16
21 18 0 19
16 14 0 17
9 25 0 14
25 20 0 6
8 24 0 12
2 14 0 12
12 20 0 9
20 28 0 1
29 21 0 13
7 25 0 9
18 25 0 2
18 7 0 2
16 8 0 19
27 19 0 6
19 6 0 13
7 8 0 10
12 16 0 10
28 27 0 3
25 19 0 19
4 2 0 2
18 28 0 12
19 14 0 5
15 16 0 18
3 17 0 11
27 12 0 13
26 5 0 15
13 25 0 3
12 11 0 8
8 10 0 6
29 12 0 6
10 11 0 5
16 22 0 19
5 2 0 11
3 31 0 19
6 10 0 10
10 19 0 12
6 2 0 1
12 5 0 1
1 10 0 3
22 15 0 13
21 17 0 15
30 14 0 12
14 9 0 12
30 19 0 2
15 26 0 5
15 5 0 3
30 15 0 10
31 16 0 18
9 26 0 16
21 8 0 14
30 20 0 17
23 2 0 7
16 10 0 10
30 22 0 5
3 21 0 17
5 22 0 17
10 23 0 14
23 12 0 5
7 15 0 10
14 28 0 16
23 16 0 18
1 25 0 12
10 15 0 15
26 27 0 4






-1 -1
