11 7 4 5 2
3 2 1 22
3 4 1 18
4 8 0 43
7 2 0 11
6 9 0 27
7 1 0 7
10 11 0 20






107 109 76 16 6
101 105 1 36
39 102 1 30
92 41 1 19
85 50 1 3
103 10 1 32
26 29 1 45
80 106 0 43
55 27 0 46
35 36 0 43
37 43 0 1
84 36 0 21
10 6 0 30
80 29 0 13
89 6 0 10
25 40 0 2
58 104 0 6
104 77 0 39
47 63 0 28
23 98 0 36
33 66 0 38
58 82 0 33
12 91 0 23
106 102 0 44
27 83 0 34
37 39 0 26
16 96 0 31
63 24 0 37
1 3 0 37
43 25 0 23
81 57 0 33
93 46 0 20
4 96 0 21
94 95 0 15
39 53 0 20
27 89 0 42
54 37 0 10
10 31 0 21
42 70 0 18
29 5 0 48
84 85 0 5
98 2 0 37
85 44 0 22
95 70 0 36
30 1 0 41
48 66 0 50
103 12 0 17
79 61 0 46
10 102 0 27
11 63 0 37
7 39 0 13
60 29 0 42
91 7 0 6
3 33 0 29
48 62 0 6
77 2 0 20
88 37 0 48
28 8 0 21
105 56 0 25
76 105 0 47
51 4 0 11
3 64 0 47
34 47 0 27
69 88 0 22
105 28 0 46
34 36 0 20
67 17 0 40
5 44 0 12
2 81 0 8
33 88 0 47
19 32 0 26
44 73 0 50
29 107 0 9
20 107 0 22
82 105 0 26
69 70 0 12
58 69 0 30
83 73 0 48
47 6 0 12
66 39 0 50
14 96 0 45
34 71 0 15
48 99 0 48
2 50 0 5
81 63 0 11
81 25 0 21
9 82 0 11
99 58 0 22
57 104 0 29
28 102 0 7
86 47 0 4
68 80 0 30
54 60 0 31
79 100 0 39
103 73 0 19
95 46 0 20
49 93 0 13
72 16 0 38
59 73 0 4
91 32 0 21
93 10 0 35
84 9 0 22
77 101 0 33
61 72 0 28
95 106 0 29
85 93 0 12
30 35 0 40
57 106 0 40
34 96 0 15
47 80 0 26






81 45 45 6 11
52 56 1 3
73 45 1 22
23 32 1 30
41 79 1 5
34 1 1 4
65 35 1 14
66 12 1 14
34 3 1 15
29 80 1 38
8 59 1 46
29 30 1 27
33 37 0 38
30 59 0 29
41 34 0 50
63 3 0 35
7 67 0 8
55 68 0 21
21 20 0 49
54 64 0 2
8 71 0 30
49 34 0 7
64 2 0 9
43 31 0 4
68 6 0 3
10 69 0 35
49 10 0 7
41 80 0 15
61 19 0 24
18 7 0 40
54 15 0 26
67 63 0 50
45 46 0 11
58 23 0 32
49 25 0 46
74 50 0 8
35 17 0 21
63 74 0 50
77 69 0 8
61 5 0 11
27 58 0 47
64 59 0 15
4 22 0 40
10 80 0 11
46 63 0 7
23 71 0 32






-1 -1
