28 82 5 12 14
17 21 1 16
14 3 1 8
22 11 1 17
10 3 1 14
4 25 1 18
23 24 1 13
22 17 1 11
5 10 1 10
9 6 1 8
12 6 1 12
18 19 1 18
11 13 1 12
9 4 1 18
17 25 1 11
3 13 1 9
19 16 1 8
2 7 1 2
27 1 1 10
7 11 1 16
16 10 1 13
22 2 1 16
24 18 1 12
26 25 1 20
21 27 1 16
9 11 1 8
3 1 1 16
2 3 1 6
17 19 1 8
20 7 1 9
23 7 1 19
6 4 1 15
13 8 1 14
16 17 1 16
24 19 0 8
3 4 0 14
17 6 0 1
12 25 0 11
12 16 0 19
1 10 0 9
2 12 0 12
11 12 0 12
2 19 0 18
20 21 0 5
11 8 0 19
1 8 0 8
9 19 0 9
8 2 0 20
6 14 0 2
22 16 0 17
14 17 0 20
26 27 0 3
23 5 0 9
5 27 0 11
1 19 0 13
21 26 0 6
12 15 0 19
25 21 0 19
17 15 0 2
19 8 0 13
8 12 0 11
24 1 0 13
18 1 0 12
15 21 0 17
24 16 0 8
19 13 0 16
13 5 0 17
23 21 0 4
9 7 0 8
1 26 0 19
20 23 0 19
11 21 0 3
11 18 0 15
1 2 0 11
10 25 0 20
17 12 0 3
18 17 0 14
10 11 0 1
6 22 0 9
20 17 0 20
6 27 0 2
3 21 0 7
10 22 0 19






-1 -1
14 20 0 19
11 15 0 15
9 3 0 18
12 5 0 1
10 19 0 12
20 13 0 7
6 4 0 10
4 19 0 2
17 14 0 8
3 8 0 16
15 21 0 11
2 1 0 19
21 22 0 8
12 22 0 17
7 12 0 19
2 9 0 11
12 18 0 3
18 16 0 20
9 7 0 16
9 10 0 16
12 16 0 7
19 8 0 15
5 13 0 17
14 7 0 2
8 12 0 15
7 2 0 12
19 20 0 6
17 4 0 18
1 19 0 14
14 4 0 10
14 21 0 19
22 5 0 14
6 2 0 6
22 2 0 5
21 2 0 13
18 15 0 9
20 17 0 9
8 14 0 16
15 10 0 20
12 21 0 5
8 9 0 10
20 8 0 9
4 7 0 4
18 11 0 1
6 12 0 11
16 21 0 11
22 10 0 3
15 5 0 14
11 4 0 14
3 13 0 2
2 16 0 1
3 15 0 20
1 21 0 10
11 8 0 4






-1 -1
